gif
<Buffer (47 49 46 38 39 61) 5a 00 5a 00 f3 08 00 41 15 04 6c 28 07 a0 7c 43 ff 76
50 ff cd 57 b8 b8 b8 ff b7 af ff e3 82 ff ff ff ff ff ff 00 00 00 00 00 00 00 ..
. >
{"type":"Buffer","data":[71,73,70,56,57,97,90,0,90,0,243,8,0,65,21,4,108,40,7,16
0,124,67,255,118,80,255,205,87,184,184,184,255,183,175,255,227,130,255,255,255,2
55,255,255,0,0,0,0,0,0,0,0,0,0,0,0,0,0,0,0,0,0,33,249,4,9,7,0,9,0,33,255,11,78,6
9,84,83,67,65,80,69,50,46,48,3,1,0,0,0,44,0,0,0,0,90,0,90,0,0,4,254,48,201,73,17
1,189,56,235,205,187,255,96,40,142,100,105,158,104,170,174,108,235,190,112,44,20
7,116,109,223,120,174,239,252,30,252,191,222,45,112,40,22,3,66,26,209,104,68,38,
75,192,104,52,177,100,30,156,207,79,212,202,253,113,15,4,108,54,3,252,154,175,22
3,240,152,58,149,120,207,112,46,65,157,173,30,169,241,188,149,254,180,55,245,128
,96,124,73,126,104,129,121,115,98,132,135,140,71,65,99,133,141,122,131,139,146,1
40,138,66,75,145,150,102,152,61,111,156,7,0,0,112,158,159,161,76,164,103,166,58,
155,150,170,95,172,57,174,168,177,117,169,176,181,93,125,169,186,113,178,53,85,1
85,190,182,153,196,128,192,74,199,200,198,203,121,201,50,180,206,77,167,211,191,
213,214,165,60,210,129,4,163,0,4,122,208,47,220,128,223,163,226,219,190,0,8,8,23
2,136,227,45,229,122,0,5,5,223,240,62,123,223,225,135,231,195,105,226,177,240,24
3,143,81,65,56,137,244,165,106,247,174,27,191,34,6,34,26,216,67,41,24,151,122,24
7,26,22,121,152,199,0,2,137,254,19,141,36,156,245,229,224,70,119,26,207,128,140,
200,100,36,142,72,38,69,157,211,179,50,100,17,151,67,210,112,52,178,19,78,77,145
,21,45,102,59,0,178,101,80,101,70,138,102,195,249,50,233,71,137,214,230,28,21,25
0,211,12,1,1,253,24,73,21,232,98,73,213,47,2,0,8,104,36,117,170,13,175,74,211,96
,213,186,149,23,68,150,196,202,134,225,10,99,94,55,185,115,7,12,160,75,174,22,22
2,68,63,244,238,221,91,103,14,219,191,121,5,11,126,212,39,0,226,199,127,129,40,1
58,28,128,48,164,31,144,31,79,222,172,152,241,26,41,160,43,15,152,195,121,241,23
0,43,124,163,113,22,93,186,53,107,38,158,43,29,160,220,186,182,227,46,169,187,90
,49,93,219,118,86,106,110,119,15,238,237,218,48,236,91,177,88,19,95,109,28,76,10
8,133,86,144,40,95,78,25,239,243,86,187,168,80,47,190,213,178,236,43,19,166,111,
239,44,217,59,33,32,20,166,7,178,189,230,194,107,75,155,115,7,27,176,76,190,80,9
8,246,145,226,111,239,190,62,255,254,96,88,85,210,28,120,255,165,7,212,111,8,13,
120,71,129,6,26,149,25,130,209,49,24,94,130,81,148,181,138,132,110,32,36,6,102,1
0,138,148,223,12,174,84,196,97,64,24,226,65,34,6,142,65,104,22,36,39,162,40,21,8
0,31,130,40,71,50,28,182,85,162,27,114,197,35,197,141,233,181,193,227,143,64,6,4
1,36,5,17,0,0,33,249,4,9,7,0,9,0,44,0,0,0,0,90,0,90,0,0,4,254,48,201,73,171,189,
56,235,205,187,255,96,40,142,100,105,158,104,170,174,108,235,190,112,44,207,116,
109,223,120,174,239,60,31,252,129,30,46,112,40,30,130,194,11,80,69,52,22,145,201
,73,243,8,173,0,175,216,95,98,234,60,70,37,220,39,5,216,45,27,127,102,239,55,44,
70,167,223,236,34,161,218,139,187,223,248,244,124,109,142,231,243,123,124,127,13
1,120,4,129,81,126,132,131,134,116,73,137,138,120,75,95,82,71,144,144,135,147,91
,150,150,152,136,155,101,0,0,145,153,154,159,160,163,130,166,167,105,141,62,93,1
61,170,121,173,58,92,162,177,178,169,182,183,168,142,187,144,179,67,190,138,192,
54,143,194,93,196,53,198,199,78,201,51,203,204,98,117,209,131,206,50,208,212,214
,48,216,127,4,161,0,4,127,218,47,220,121,223,176,184,174,78,222,161,225,138,0,8,
8,232,188,180,175,231,144,0,5,5,243,111,157,197,160,241,248,253,57,167,171,223,5
6,22,108,242,237,43,216,237,30,160,131,43,18,58,148,243,205,93,25,118,22,13,104,
52,208,197,31,141,56,254,236,248,193,251,70,200,0,130,141,28,229,120,124,166,167
,157,19,130,37,81,166,60,192,168,158,17,148,45,93,14,146,57,179,102,142,41,38,11
3,250,226,169,18,34,147,155,50,143,9,165,185,146,101,17,162,212,140,248,180,9,21
3,12,1,1,22,55,77,181,121,96,169,25,1,0,4,168,218,202,117,17,86,83,100,203,70,85
,217,52,216,90,166,105,167,81,51,68,55,192,0,163,49,202,1,162,203,200,238,128,18
7,153,126,240,29,108,104,47,95,32,127,19,3,14,28,128,176,227,199,117,253,42,78,1
40,247,89,22,200,131,17,79,222,92,217,50,229,43,142,55,83,230,220,121,155,100,19
7,167,7,24,18,141,154,52,227,34,156,89,203,254,27,102,206,226,94,78,38,167,158,1
41,186,163,221,210,71,203,140,230,205,186,246,111,79,102,104,19,47,238,251,182,2
20,62,187,151,223,109,238,124,135,157,32,209,151,55,94,231,23,120,10,46,90,192,7
2,231,92,152,105,247,53,146,164,140,39,95,151,50,41,11,187,9,209,214,76,251,189,
149,196,170,56,219,31,51,32,154,119,167,199,252,97,119,141,127,251,141,65,96,129
,148,48,245,73,121,210,32,200,5,93,139,48,120,6,130,9,174,131,153,132,101,8,152,
87,33,115,0,193,23,28,20,130,97,208,24,141,97,40,149,134,219,140,104,69,137,86,1
61,152,226,69,192,176,232,91,136,34,206,152,65,137,22,197,101,31,27,109,109,129,
163,142,251,253,216,163,20,87,208,184,98,122,70,38,169,228,146,76,78,16,1,0,33,2
49,4,9,7,0,9,0,44,0,0,0,0,90,0,90,0,0,4,254,48,201,73,171,189,56,235,205,187,255
,96,40,142,100,105,158,104,170,174,108,235,190,112,44,207,116,109,223,120,174,23
9,73,224,7,188,92,224,64,60,0,131,166,159,242,88,25,22,137,76,228,68,121,81,62,1
59,191,233,21,42,165,56,185,211,239,118,251,27,131,165,98,174,207,204,46,166,221
,221,30,249,221,174,99,187,111,186,125,111,196,243,255,109,81,65,122,128,123,62,
113,114,80,133,128,130,104,70,139,140,136,90,144,145,146,132,127,0,0,129,146,137
,148,79,154,108,141,60,98,153,158,7,160,99,162,59,95,168,166,155,126,167,174,134
,113,151,178,87,170,66,182,127,184,55,181,186,112,72,190,191,103,163,195,124,188
,52,194,198,200,51,202,195,204,49,206,109,4,153,213,4,117,4,208,47,210,108,0,4,2
23,223,173,99,217,171,87,212,214,79,231,222,178,228,58,105,222,224,173,0,8,213,2
36,237,56,206,213,165,174,223,218,44,206,234,174,213,49,64,208,128,153,126,185,1
40,17,49,128,160,160,193,45,8,241,61,113,40,203,33,193,113,247,108,124,97,72,209
,148,197,135,254,230,50,214,216,104,241,160,0,129,109,62,66,140,216,171,136,202,
49,2,0,8,216,211,49,164,191,21,36,107,154,59,105,239,38,78,151,5,21,134,20,169,8
1,40,54,162,69,141,30,100,233,78,233,80,164,45,157,30,0,199,180,152,81,170,85,7,
25,195,10,206,103,51,148,144,184,114,245,154,236,27,31,177,104,179,5,24,64,182,8
9,128,180,112,211,250,24,64,151,45,167,30,63,226,234,253,81,183,110,91,24,98,150
,188,213,171,118,45,219,190,126,17,13,190,210,87,201,88,190,141,17,211,253,219,9
8,241,19,196,134,233,126,147,28,89,242,33,90,224,46,251,229,76,122,50,17,204,118
,241,80,45,210,185,52,102,198,135,83,171,198,58,218,181,103,136,134,41,87,22,12,
217,182,95,220,137,239,90,200,236,155,173,205,224,194,189,20,247,139,178,31,230,
228,202,151,179,29,251,28,186,4,226,197,7,59,175,110,29,59,221,58,74,56,235,78,2
14,151,18,119,232,134,127,141,111,54,224,153,245,73,186,214,55,91,246,190,147,21
7,66,247,129,117,79,151,159,77,232,84,239,209,70,161,151,29,242,1,54,77,97,218,9
7,83,160,11,151,100,228,195,127,227,44,200,160,127,141,60,216,95,17,80,41,70,33,
6,22,54,151,213,93,122,100,136,215,88,245,93,23,33,7,130,149,8,31,134,18,130,136
,85,139,194,45,161,226,140,52,214,104,163,5,17,0,0,33,249,4,9,7,0,9,0,44,0,0,0,0
,90,0,90,0,0,4,254,48,201,73,171,189,56,235,205,187,255,96,40,142,100,105,158,10
4,170,174,108,235,190,112,44,207,116,109,167,65,30,220,188,21,28,192,195,174,167
,210,25,135,149,95,16,136,36,94,140,79,221,114,169,155,40,167,77,39,229,42,220,1
14,167,96,41,152,169,77,134,19,185,177,26,171,206,106,191,66,248,122,126,46,75,2
24,114,186,62,232,38,230,247,128,84,118,86,129,133,97,125,78,87,127,134,99,136,1
11,66,140,83,0,0,107,142,143,145,96,148,109,131,102,152,153,155,156,132,64,147,1
58,116,150,60,87,154,165,115,167,55,74,170,171,172,161,139,177,88,179,181,128,17
3,53,180,184,124,156,188,189,93,118,192,193,186,50,196,197,195,177,4,147,205,4,1
66,202,171,0,4,212,212,176,141,101,92,204,206,75,219,211,203,198,46,92,211,213,1
76,0,8,205,224,137,129,205,164,171,4,225,44,200,222,207,116,6,247,6,106,212,241,
69,193,65,6,8,240,229,3,179,207,207,63,124,177,4,222,27,83,16,213,191,128,8,75,4
1,28,56,165,161,171,131,2,245,9,168,55,103,34,65,139,254,54,174,120,28,35,0,128,
128,61,25,63,194,235,33,82,161,70,142,158,170,241,67,193,37,165,191,138,43,89,22
2,220,35,115,221,206,57,61,13,254,212,7,210,225,80,149,57,125,30,5,82,45,169,210
,161,77,157,94,218,25,85,106,54,127,85,139,14,66,182,38,107,211,28,161,182,80,11
,228,53,107,142,1,3,102,206,200,81,182,109,217,179,104,211,134,77,18,192,173,93,
29,113,243,170,221,117,196,238,62,184,105,243,162,221,27,50,192,96,29,85,141,8,5
4,44,120,240,92,47,141,243,82,139,28,151,113,100,194,48,210,28,160,204,121,49,14
4,203,143,235,46,209,219,217,243,232,193,114,195,194,33,93,122,48,67,203,152,229
,141,65,221,218,53,65,216,170,103,7,174,45,7,158,222,220,135,44,151,150,35,60,24
5,45,62,67,138,115,198,3,90,117,21,43,181,109,239,163,28,155,134,242,206,138,169
,63,126,18,153,206,240,237,62,242,98,90,12,62,9,218,94,213,215,14,72,86,94,20,25
1,246,104,222,193,20,214,254,202,216,66,243,125,213,199,153,255,163,172,253,72,1
21,70,165,135,85,192,117,5,15,98,213,0,149,94,102,10,122,81,87,130,183,193,183,8
,129,8,222,119,128,86,161,117,101,73,133,24,102,168,143,46,71,192,183,197,135,34
,154,208,219,130,229,193,65,96,137,32,60,24,20,139,38,66,1,227,140,52,214,104,99
,5,17,0,0,33,249,4,9,7,0,9,0,44,0,0,0,0,90,0,90,0,0,4,254,48,201,73,171,189,56,2
35,205,187,255,96,40,142,100,105,158,104,170,174,108,235,190,112,44,207,180,22,2
20,65,173,219,71,127,228,59,22,110,8,172,4,124,190,98,48,51,188,12,145,72,220,22
8,8,253,45,121,73,202,173,202,237,225,186,214,171,133,26,77,108,193,104,50,84,41
,150,168,189,111,180,124,221,214,86,227,243,188,183,62,213,251,211,124,125,127,1
31,73,108,117,100,120,126,0,0,96,134,124,71,137,131,140,92,142,143,132,96,147,11
9,129,70,62,139,151,115,149,109,84,153,159,114,161,75,163,165,122,167,65,145,170
,93,172,58,174,175,154,155,179,180,101,182,184,126,177,52,183,187,123,150,192,12
1,189,50,191,114,4,139,202,4,166,194,170,0,4,209,209,164,148,206,201,203,72,215,
208,180,197,47,106,208,210,164,0,8,202,180,4,221,45,199,202,158,175,231,98,199,7
,218,204,104,6,245,6,96,238,87,240,126,6,8,246,247,92,162,161,83,65,230,223,171,
127,245,186,8,212,215,163,159,193,82,8,1,86,89,216,202,71,68,133,2,230,129,185,2
4,48,223,142,130,254,8,187,8,0,32,96,206,195,142,3,81,128,60,9,133,64,70,92,20,6
3,34,97,57,44,91,76,89,53,253,220,196,153,115,142,180,148,41,246,237,250,249,174
,39,26,162,69,141,118,220,89,81,169,77,166,77,157,74,131,138,74,233,84,170,12,13
5,93,69,186,201,141,198,79,91,175,2,157,17,64,90,158,176,104,207,5,24,48,214,88,
217,180,112,209,222,24,64,151,109,215,49,111,227,194,197,81,183,110,91,95,68,244
,10,156,75,151,176,223,187,76,10,227,216,58,164,175,97,199,136,157,244,157,28,10
9,178,223,181,150,15,71,158,146,185,243,101,31,158,255,198,56,50,25,115,104,40,1
61,55,155,1,237,215,51,91,46,157,69,187,120,83,216,245,235,42,142,33,35,142,195,
214,118,34,182,166,11,239,158,120,206,55,165,224,154,187,150,245,49,21,121,102,5
3,143,75,239,14,27,61,54,95,223,211,127,230,112,110,187,187,108,33,82,220,116,31
,175,91,53,103,203,114,176,155,63,79,247,147,244,245,226,7,0,251,110,76,254,48,2
50,48,132,174,194,63,187,221,215,44,230,145,83,17,205,32,255,209,161,218,27,102,
33,83,160,77,252,173,128,135,94,62,121,20,217,44,131,45,118,21,74,235,185,34,161
,25,22,38,24,15,86,129,104,24,74,96,205,193,183,154,66,197,16,97,226,137,1,53,12
0,87,34,27,174,8,194,131,46,14,215,82,141,217,113,37,99,9,42,238,232,227,143,64,
6,89,65,4,0,33,249,4,9,7,0,9,0,44,0,0,0,0,90,0,90,0,0,4,254,48,201,73,171,189,56
,235,205,187,255,96,40,142,100,105,158,104,170,174,108,235,190,112,44,207,116,10
9,167,65,30,220,188,21,28,192,195,174,167,210,25,135,149,95,16,136,36,94,140,79,
221,114,169,155,40,167,77,39,229,42,220,114,167,96,41,152,169,77,134,19,185,177,
26,171,206,106,191,66,248,122,126,46,75,224,114,186,62,232,38,230,247,128,84,118
,86,129,133,97,125,78,87,127,134,99,136,111,66,140,83,0,0,107,142,143,145,96,148
,109,131,102,152,153,155,156,132,64,147,158,116,150,60,87,154,165,115,167,55,74,
170,171,172,161,139,177,88,179,181,128,173,53,180,184,124,156,188,189,93,118,192
,193,186,50,196,197,195,177,4,147,205,4,166,202,171,0,4,212,212,176,141,101,92,2
04,206,75,219,211,203,198,46,92,211,213,176,0,8,205,224,137,129,205,164,171,4,22
5,44,200,222,207,115,6,247,6,107,212,241,69,193,64,6,8,240,229,27,179,207,79,16,
129,171,4,222,83,83,16,213,193,128,248,74,41,28,8,166,161,171,131,10,25,10,168,1
83,102,34,67,120,254,61,2,212,243,56,70,0,0,1,122,16,18,180,104,67,228,191,140,4
,55,46,99,185,139,163,74,127,83,104,214,196,169,167,26,191,34,28,121,174,4,233,3
9,168,208,110,58,91,26,61,122,160,26,209,68,75,121,58,253,41,47,106,48,167,79,17
9,89,157,57,53,20,154,173,152,176,38,213,202,85,44,60,170,199,168,245,52,203,118
,95,128,1,3,208,198,200,209,182,110,219,28,112,225,202,61,38,210,174,93,29,121,3
,239,229,107,196,175,219,183,122,3,235,245,138,1,111,92,29,98,141,40,142,59,57,4
6,99,47,149,243,82,203,156,23,241,228,193,226,148,112,30,45,248,192,103,208,85,1
51,8,38,173,248,75,98,212,253,166,172,102,221,57,39,188,197,183,192,36,166,173,1
83,162,103,216,40,228,236,230,253,101,95,103,175,114,0,243,142,27,244,246,113,22
8,84,134,120,166,237,18,136,113,193,140,161,88,89,174,119,234,231,203,79,184,235
,85,222,26,188,143,202,116,72,3,135,49,29,83,121,243,91,224,246,90,255,226,109,5
0,248,162,238,227,71,243,206,40,253,22,87,168,81,85,136,85,255,173,80,156,128,11
5,32,136,13,126,114,248,213,83,129,56,208,113,88,95,10,250,182,223,34,89,65,86,1
3,65,16,70,168,79,31,26,34,56,22,116,12,89,18,226,136,36,114,216,193,17,251,109,
81,98,139,38,52,216,225,47,22,194,24,35,86,51,34,167,157,141,60,246,232,227,143,
25,68,0,0,33,249,4,9,7,0,9,0,44,0,0,0,0,90,0,90,0,0,4,254,48,201,73,171,189,56,2
35,205,187,255,96,40,142,100,105,158,104,170,174,108,235,190,112,44,207,116,109,
223,184,29,236,65,238,75,129,131,240,208,251,161,120,200,98,37,56,20,42,141,75,2
22,5,217,108,74,129,85,39,212,194,212,78,118,217,176,19,44,126,66,187,195,30,89,
204,38,150,183,223,236,186,77,15,155,127,104,103,125,255,134,231,249,128,85,119,
120,129,133,86,131,132,122,134,124,136,70,65,127,139,108,141,142,145,129,147,62,
144,133,0,0,109,151,57,153,134,156,146,112,113,149,89,162,118,164,88,67,155,166,
116,158,53,93,168,174,163,164,76,179,180,125,126,185,128,176,51,160,188,130,187,
193,123,190,49,192,196,86,91,200,201,94,148,205,175,103,185,4,155,213,4,116,4,19
8,45,204,123,0,4,223,223,184,89,217,137,67,212,214,77,231,222,180,228,152,85,222
,224,179,0,8,213,236,237,56,220,66,213,173,174,223,218,42,249,14,168,187,214,198
,128,65,3,108,252,125,130,102,0,193,65,132,97,20,226,107,242,208,213,67,131,98,3
6,222,232,210,176,98,165,139,254,16,171,128,251,119,100,8,200,140,2,8,178,57,57,
78,163,14,147,23,197,8,0,32,160,142,199,150,36,75,10,97,57,46,101,63,151,27,97,9
8,132,102,14,232,75,162,25,141,30,69,42,114,164,52,166,69,149,6,133,10,78,234,68
,104,85,157,170,10,88,39,107,214,156,199,42,121,29,123,79,21,144,111,216,200,170
,205,6,150,198,142,181,112,199,238,24,48,160,173,219,0,113,225,242,160,203,215,2
38,139,36,128,243,178,13,192,183,112,93,179,171,154,24,70,226,21,73,97,194,134,1
5,111,69,171,56,114,225,111,150,251,90,246,187,2,175,74,33,139,51,139,134,252,15
2,51,64,112,149,233,146,22,189,24,244,99,201,126,170,14,121,205,58,50,26,205,166
,83,120,174,170,185,182,109,145,144,115,235,6,188,215,247,227,113,193,17,103,88,
109,252,79,54,213,202,49,48,247,157,231,121,223,232,92,140,63,86,233,239,49,246,
37,218,183,143,92,252,157,194,244,1,116,234,22,247,94,30,72,225,74,236,219,67,14
,38,28,6,97,98,245,255,54,203,191,109,127,251,196,148,5,81,18,160,51,223,85,55,9
6,82,159,41,35,95,68,112,69,179,96,27,254,240,128,90,39,255,1,83,214,91,7,42,88,
158,133,119,96,152,160,64,252,245,151,17,34,30,22,21,162,136,200,105,224,161,85,
209,65,82,150,116,72,252,199,69,138,50,154,176,27,139,53,122,144,68,142,60,246,2
32,227,143,22,68,0,0,33,249,4,9,7,0,9,0,44,0,0,0,0,90,0,90,0,0,4,254,48,201,73,1
71,189,56,235,205,187,255,96,40,142,100,105,158,104,170,174,108,235,190,112,44,2
07,116,109,223,120,174,131,65,239,246,190,29,38,112,40,6,83,196,226,33,32,180,36
,149,75,39,112,74,117,66,141,77,202,19,202,76,0,175,96,99,112,171,236,102,201,22
9,94,120,205,85,135,205,66,180,145,77,231,174,225,59,121,125,95,199,235,244,124,
129,96,126,127,130,134,119,89,90,135,139,88,137,90,128,140,87,71,142,18,144,145,
146,148,138,151,124,132,77,150,155,92,153,94,97,0,0,139,165,136,148,114,166,151,
172,131,170,96,174,173,111,176,160,130,157,56,159,182,152,103,187,134,184,54,186
,190,141,158,195,129,192,53,194,195,200,52,202,190,204,51,206,207,197,198,199,21
2,96,4,165,0,4,135,217,165,220,180,113,107,0,8,8,168,134,228,230,178,188,57,128,
0,5,5,231,130,239,241,235,161,133,227,218,246,117,250,251,196,185,108,250,29,18,
184,134,0,52,22,144,8,66,241,182,45,150,62,54,6,219,209,97,8,14,10,57,109,216,18
0,85,196,118,112,133,52,139,254,15,25,69,4,24,137,98,201,142,42,200,24,88,105,16
0,26,203,150,69,8,140,188,177,197,0,130,151,195,108,226,60,32,19,37,18,40,47,87,
230,12,26,115,102,48,160,68,235,16,16,176,113,77,208,150,50,141,30,45,242,116,14
3,0,0,2,246,60,141,234,51,37,82,161,123,150,54,117,202,50,170,84,154,213,38,114,
237,149,246,138,217,179,248,210,190,237,153,233,163,218,185,112,61,217,117,139,2
15,96,215,100,61,250,202,196,38,216,239,95,154,84,10,11,166,114,56,88,128,1,144,
33,39,238,75,37,114,228,198,50,122,88,222,188,249,45,103,201,143,47,139,242,146,
132,115,232,207,4,76,127,41,34,186,238,70,203,167,63,155,14,211,218,17,26,216,17
8,63,3,146,92,151,246,128,216,185,47,179,249,141,25,33,109,205,193,55,3,122,92,2
20,227,32,38,192,147,235,9,221,220,185,152,9,209,165,75,138,93,61,229,36,47,201,
117,79,49,61,250,66,246,240,193,187,199,200,206,39,183,122,24,177,47,193,46,239,
4,242,50,250,21,30,27,123,255,98,47,29,254,45,248,90,183,208,61,248,85,162,196,9
6,221,188,82,224,40,11,33,120,87,56,11,202,161,216,88,236,224,103,73,79,129,69,2
45,223,130,6,66,100,70,134,14,86,104,225,68,120,128,56,22,128,63,120,104,94,0,10
2,29,136,98,138,97,228,69,218,91,47,246,23,35,50,85,112,104,133,91,53,170,66,163
,142,72,76,1,228,144,68,22,105,228,6,17,0,0,33,249,4,9,7,0,9,0,44,0,0,0,0,90,0,9
0,0,0,4,254,48,201,73,171,189,56,235,205,187,255,96,40,142,100,105,158,104,170,1
74,108,235,190,112,44,207,116,109,223,120,174,239,124,239,171,129,160,43,40,252,
81,2,135,100,49,133,76,30,2,70,73,211,249,180,16,175,88,104,101,234,212,254,184,
93,105,144,74,166,18,165,229,234,55,253,28,179,223,109,112,216,39,87,194,239,246
,180,151,87,199,251,223,123,59,125,127,132,102,70,131,133,127,129,61,136,137,112
,139,116,141,142,102,144,116,147,133,149,140,151,132,153,130,155,152,81,104,100,
0,0,155,164,101,157,56,114,165,159,73,172,134,135,163,173,84,175,74,81,146,179,1
15,150,185,156,107,188,138,190,191,120,169,52,184,194,196,51,198,191,200,50,202,
188,204,49,206,185,208,47,210,207,154,194,192,124,217,218,58,131,4,164,0,4,137,2
24,164,227,108,212,43,131,225,167,133,236,181,100,233,64,111,0,8,8,237,132,245,2
47,240,176,170,112,0,5,10,224,251,3,80,32,63,39,4,228,157,64,244,46,81,67,54,9,1
15,48,100,87,166,156,184,50,15,211,68,244,247,198,226,57,90,254,251,248,121,236,
168,208,132,28,3,40,13,220,201,248,38,165,202,36,4,54,222,0,99,0,129,75,56,35,22
5,212,188,121,32,102,201,18,52,93,190,156,37,84,101,76,153,54,130,242,36,42,180,
167,79,111,84,138,242,42,122,244,167,73,50,75,115,185,60,138,148,163,35,2,2,62,2
50,225,106,21,133,181,3,2,0,8,32,68,54,22,185,176,99,219,222,226,198,181,106,40,
49,179,234,146,45,11,131,136,94,174,26,255,250,92,114,119,66,128,1,3,174,8,94,60
,56,8,98,190,125,17,75,126,172,88,48,150,201,146,33,183,56,60,153,51,102,196,117
,63,103,198,172,25,8,105,209,152,9,160,238,76,58,84,19,214,171,99,159,150,108,43
,88,146,196,178,115,195,238,231,137,76,66,221,192,3,136,173,221,155,202,111,224,
185,133,15,47,45,2,204,113,228,201,151,99,235,226,25,122,236,32,98,153,55,15,83,
221,58,106,40,83,180,143,56,147,160,251,228,59,171,181,144,47,92,125,83,231,194,
23,206,62,130,111,37,155,248,205,246,233,111,201,175,223,48,194,225,113,241,77,1
66,159,115,49,225,113,20,42,253,29,17,24,99,232,36,168,32,68,141,1,24,143,131,25
4,145,100,152,132,186,80,248,141,23,194,1,66,225,131,21,5,210,161,30,31,130,104,
156,136,18,222,215,76,136,241,1,168,98,51,117,101,162,156,93,37,90,113,197,6,88,
212,168,227,142,60,134,18,1,0,33,249,4,9,7,0,9,0,44,0,0,0,0,90,0,90,0,0,4,254,48
,201,73,171,189,56,235,205,187,255,96,40,142,100,105,158,104,170,174,108,235,190
,112,44,207,116,109,223,120,174,239,188,30,252,191,222,45,112,40,22,3,66,26,209,
104,68,38,99,75,230,1,9,172,86,159,164,0,65,122,140,114,187,65,172,71,251,245,12
6,165,64,241,70,187,61,187,207,225,132,85,45,111,191,239,104,121,94,204,198,251,
155,101,106,125,127,126,102,83,130,63,132,138,76,78,79,100,139,144,135,88,134,14
5,120,141,73,148,149,112,71,124,111,0,0,154,77,151,66,153,69,160,161,77,130,110,
167,168,169,142,173,132,163,60,165,173,159,140,175,176,158,183,164,185,119,172,1
78,57,180,189,187,179,195,127,192,67,198,133,61,194,202,156,197,206,119,200,74,2
09,150,208,119,4,159,0,118,168,211,51,205,7,218,182,176,222,80,127,0,8,8,227,173
,229,48,224,159,5,5,235,221,59,239,226,139,217,159,220,146,193,126,226,172,231,2
38,17,195,65,201,128,65,3,69,242,109,91,132,78,29,64,126,4,185,24,64,112,16,33,3
0,133,82,224,201,123,72,160,157,11,67,254,21,13,250,115,8,240,31,151,142,62,36,1
34,244,39,208,84,75,35,40,83,50,9,105,17,155,54,41,10,247,29,136,217,79,74,197,1
06,59,61,190,0,135,234,231,78,158,61,171,77,252,73,0,105,210,72,4,4,232,52,66,51
,40,47,77,2,0,8,112,67,179,169,80,115,149,162,78,45,18,210,171,35,162,145,14,54,
117,234,99,192,128,31,107,123,173,93,251,213,221,91,183,111,225,142,245,51,183,1
11,93,119,1,240,10,214,219,148,111,223,195,127,135,222,21,60,152,240,225,199,144
,227,144,10,204,184,50,94,200,152,189,74,198,68,164,50,101,203,3,154,186,181,66,
58,241,55,47,120,63,131,6,173,58,53,157,68,56,91,175,102,220,218,213,164,147,178
,103,211,198,187,7,23,204,142,186,103,83,14,196,217,142,215,224,194,51,153,110,2
25,248,56,114,214,122,184,44,103,17,152,141,243,231,150,157,24,154,190,130,114,2
1,236,171,27,121,225,222,125,54,33,218,20,174,76,170,172,201,53,157,10,104,255,1
88,125,15,223,24,121,106,195,238,127,179,79,63,61,147,194,80,61,80,211,159,4,134
,196,101,152,29,250,129,117,70,102,115,245,54,96,41,115,85,1,32,28,3,18,56,22,93
,151,60,66,97,133,26,254,215,145,44,29,58,216,95,136,71,77,67,162,128,15,78,72,1
51,6,39,38,248,141,95,237,144,232,226,105,105,140,225,87,133,221,169,135,227,142
,60,246,232,163,4,17,0,0,33,249,4,9,7,0,9,0,44,0,0,0,0,90,0,90,0,0,4,254,48,201,
73,171,189,56,235,205,187,255,96,40,142,100,105,158,104,170,174,108,235,190,112,
44,207,116,109,223,120,174,239,188,30,252,129,30,46,112,40,30,130,66,26,209,88,6
8,162,128,201,202,146,217,76,0,175,216,31,230,103,116,70,167,84,46,117,220,212,7
8,192,213,47,129,124,100,187,143,65,116,58,25,88,191,239,100,113,56,42,169,227,2
55,76,114,71,124,86,4,118,128,136,123,132,117,135,137,137,94,116,122,142,128,144
,116,141,147,111,68,149,66,126,152,148,132,103,111,0,0,158,129,160,130,70,164,16
5,166,139,110,170,171,172,116,176,174,175,115,156,179,162,177,183,184,174,93,95,
188,159,178,192,120,155,57,168,195,138,60,199,200,186,62,204,196,187,207,110,197
,53,203,210,131,202,120,4,163,0,151,165,212,74,120,220,163,188,224,51,214,7,0,8,
8,228,136,219,163,151,230,49,232,233,5,5,237,128,227,181,216,206,226,227,137,234
,216,237,227,55,228,207,56,111,162,236,225,243,213,143,137,129,135,6,140,188,67,
120,224,93,55,38,250,198,200,123,129,198,0,2,136,254,17,13,10,172,117,112,12,129
,141,45,58,130,12,233,143,27,147,137,100,78,54,44,178,146,229,29,139,20,65,74,68
,153,210,225,74,94,30,117,26,226,201,66,229,67,96,53,43,202,156,41,173,166,161,1
65,76,39,17,16,64,241,128,83,168,81,29,9,0,32,224,13,200,167,68,93,208,115,51,18
1,234,203,161,106,174,41,5,203,167,19,178,167,108,191,12,96,196,11,46,220,176,48
,2,12,216,251,227,41,38,187,128,241,114,220,75,120,110,95,179,69,0,43,62,41,120,
112,225,194,135,23,75,182,107,166,237,227,203,134,25,77,30,154,5,84,31,189,143,6
5,99,86,140,133,112,101,207,63,46,139,198,60,192,80,104,204,167,229,186,109,194,
186,54,223,203,101,22,205,141,103,187,246,234,1,201,56,237,14,211,219,55,225,60,
178,121,23,135,189,151,77,227,21,160,103,31,89,14,251,216,115,21,209,27,157,164,
174,218,138,160,235,41,178,219,25,202,61,244,25,48,224,195,155,190,91,222,60,133
,43,150,77,3,105,254,167,187,103,41,184,61,153,190,47,5,217,92,254,239,33,92,147
,222,57,2,2,24,224,48,3,206,115,214,95,118,36,168,32,21,126,105,99,72,51,247,45,
179,217,132,193,1,120,204,93,64,96,232,156,129,125,80,4,150,23,210,81,88,33,66,1
56,89,80,34,67,32,150,136,214,22,8,57,56,143,135,113,193,168,17,136,82,80,102,78
,137,50,158,3,95,7,154,189,136,227,19,63,14,105,228,145,72,26,25,1,0,33,249,4,9,
7,0,9,0,44,0,0,0,0,90,0,90,0,0,4,254,48,201,73,171,189,56,235,205,187,255,96,40,
142,100,105,158,104,170,174,108,235,190,112,44,207,116,109,223,120,174,211,65,31
,236,186,192,97,120,248,1,109,66,226,208,88,241,57,153,199,81,82,89,156,248,168,
68,231,69,27,165,76,177,87,172,184,8,253,66,163,95,101,122,44,238,37,214,103,224
,154,77,7,195,187,146,121,125,159,5,227,223,124,129,123,113,114,122,130,129,132,
114,135,139,83,137,59,134,139,99,66,142,65,145,145,148,149,108,0,0,150,84,152,56
,144,156,157,158,127,121,154,163,7,155,106,127,144,168,68,162,85,120,173,174,67,
162,159,53,179,180,89,178,186,130,183,51,185,189,177,104,194,136,196,197,124,191
,48,193,197,202,47,204,194,206,45,179,4,155,214,4,186,210,43,179,0,4,222,222,176
,168,218,42,208,108,213,155,216,68,231,232,164,57,229,154,155,8,225,221,223,225,
195,55,239,99,214,170,198,238,117,6,0,13,212,89,151,46,89,166,49,6,16,4,20,136,1
40,192,56,19,144,22,2,116,181,80,221,195,18,17,37,162,74,88,241,128,67,127,254,1
08,36,50,52,39,160,32,21,145,30,63,130,68,24,112,143,0,0,2,88,86,244,118,17,99,4
7,2,37,101,182,164,121,16,25,150,153,42,123,250,28,195,243,209,80,58,223,106,158
,200,215,41,105,23,166,135,190,21,61,54,84,234,212,167,62,173,94,149,245,13,149,
86,169,74,167,13,232,161,117,207,215,175,97,89,4,24,192,118,108,128,179,112,227,
58,76,171,182,109,91,31,114,243,114,41,181,214,46,219,190,120,243,206,117,178,13
8,175,223,191,126,157,104,117,98,151,202,214,35,61,14,143,149,220,214,155,221,19
0,109,29,7,69,51,217,111,17,202,160,49,15,80,226,84,22,98,182,106,64,75,22,173,1
74,244,211,191,38,151,168,94,93,217,42,93,20,152,223,130,153,157,248,201,94,211,
176,99,139,230,125,123,89,98,111,22,121,95,46,149,97,248,91,219,202,239,50,199,4
8,124,44,216,232,210,167,91,168,238,182,71,157,213,218,183,123,182,180,60,188,23
,97,127,205,159,71,95,252,89,51,245,86,144,181,159,166,57,18,242,37,240,245,116,
29,120,31,191,122,106,114,181,68,241,95,108,88,36,21,24,29,243,109,67,96,107,115
,121,177,224,46,3,138,97,224,118,15,222,19,222,115,5,77,184,69,133,9,170,181,24,
37,186,9,8,159,21,79,112,16,98,59,35,146,112,34,132,41,98,100,91,139,184,253,6,2
27,140,52,214,88,74,4,0,33,249,4,9,7,0,9,0,44,0,0,0,0,90,0,90,0,0,4,254,48,201,7
3,171,189,56,235,205,187,255,96,40,142,100,105,158,104,170,174,108,235,190,112,4
4,207,116,109,143,65,30,220,188,21,28,192,195,174,215,251,5,129,195,138,110,153,
36,154,140,71,225,68,23,13,46,47,87,39,182,106,205,113,191,57,10,84,170,85,130,1
91,232,110,98,140,44,139,211,240,180,55,218,44,179,227,120,107,181,174,189,231,2
55,71,124,125,126,128,121,130,125,133,128,80,135,78,132,7,0,0,137,116,100,110,83
,104,145,146,123,149,102,92,152,153,116,155,150,159,105,144,86,161,18,142,163,65
,158,140,60,169,170,171,109,155,175,176,129,161,180,181,178,110,184,185,148,118,
189,120,173,54,188,189,194,51,196,197,187,112,4,144,205,4,176,198,50,175,0,4,213
,213,158,159,209,48,200,104,204,144,207,65,222,223,182,141,181,0,8,205,71,212,21
4,216,218,46,220,95,205,165,134,68,175,6,247,6,203,206,127,238,43,169,6,8,240,22
9,3,230,107,88,26,129,247,84,9,52,85,228,32,194,81,0,23,30,32,208,47,197,191,135
,105,8,8,0,87,5,225,64,138,254,13,29,38,132,35,0,128,128,47,30,129,128,116,213,7
5,35,199,40,41,39,86,180,72,16,141,196,106,51,81,192,203,133,179,94,77,60,61,203
,253,204,184,210,231,208,47,214,114,170,216,153,41,105,37,166,133,172,21,253,117
,84,234,84,101,53,173,94,221,5,53,156,86,169,74,95,4,24,48,32,199,203,56,95,211,
134,21,75,150,172,217,180,112,227,134,57,181,166,173,93,29,113,243,226,92,187,20
5,174,219,182,120,245,82,100,66,87,140,95,192,126,151,104,93,226,150,175,180,195
,136,33,147,173,38,185,113,225,41,144,145,84,222,220,22,137,227,22,99,199,146,16
5,195,249,174,221,35,91,237,0,62,171,185,116,217,211,160,110,173,230,34,218,181,
104,218,167,106,151,101,45,196,245,235,1,184,101,223,165,237,155,138,166,89,144,
239,232,222,60,100,142,174,167,146,3,84,107,109,91,140,14,186,203,239,234,240,23
7,246,178,15,206,112,146,123,87,226,55,211,221,241,111,114,117,71,143,10,88,89,2
46,107,106,126,222,22,101,250,168,249,98,145,70,229,136,31,52,81,180,246,49,76,1
16,153,116,0,198,21,156,119,4,118,147,84,96,112,244,199,66,130,245,45,216,4,132,
7,34,24,32,88,115,41,193,155,128,227,73,135,97,43,20,198,6,31,97,28,132,72,14,12
4,34,152,248,28,138,32,168,232,32,118,172,189,88,152,135,78,177,120,2,137,54,230
,168,227,142,133,69,0,0,33,249,4,9,7,0,9,0,44,0,0,0,0,90,0,90,0,0,4,254,48,201,7
3,171,189,56,235,205,187,255,96,40,142,100,105,158,104,170,174,108,235,190,112,4
4,207,52,21,220,65,173,107,193,225,31,185,157,112,210,251,249,130,21,156,18,57,6
0,21,141,64,226,13,250,83,94,172,77,204,147,138,163,122,143,204,45,51,75,252,110
,191,230,220,57,74,182,161,223,112,224,122,76,94,199,239,71,110,219,141,239,163,
233,117,118,126,120,128,117,104,0,0,131,80,79,133,89,130,137,138,92,108,123,101,
94,144,145,122,148,124,152,135,151,141,77,130,156,80,144,159,67,161,162,70,164,1
54,9,167,168,153,148,173,174,70,165,58,177,178,71,154,182,183,147,109,186,183,18
0,52,190,191,123,173,4,136,199,4,174,192,49,173,0,4,207,207,151,156,203,48,194,9
5,198,136,201,63,216,217,85,189,178,0,8,199,169,208,198,179,134,174,199,136,132,
232,95,6,239,6,112,220,218,119,212,43,167,6,8,240,241,187,184,166,111,251,222,16
1,218,231,237,31,154,128,252,48,229,35,200,171,22,192,128,242,4,208,131,130,208,
7,1,123,41,90,49,124,35,0,128,0,119,254,16,15,92,52,40,139,128,68,144,12,71,10,1
77,38,42,165,202,149,253,252,60,195,152,49,38,30,104,52,81,176,44,249,146,164,20
5,107,51,219,253,164,82,46,167,138,157,145,138,194,26,106,164,92,79,161,49,157,6
2,237,245,172,159,212,169,196,160,185,186,138,181,215,128,27,92,39,2,13,107,180,
218,128,179,95,3,132,93,75,182,172,89,180,103,113,176,157,123,99,85,18,184,105,2
09,202,157,123,113,137,93,11,1,240,198,13,172,119,111,81,28,113,255,94,17,12,247
,6,227,1,207,30,127,85,124,87,50,24,201,146,221,202,32,204,120,17,230,175,120,27
,218,229,28,154,11,102,210,5,255,146,70,109,250,244,217,69,138,73,231,53,243,57,
240,171,85,178,7,123,201,141,87,173,88,209,94,31,79,169,242,249,107,185,109,154,
239,21,87,82,60,237,213,228,71,155,75,79,12,22,167,234,233,210,145,96,25,253,25,
14,99,232,155,75,43,106,76,25,240,174,196,229,43,157,7,239,98,120,76,246,44,236,
84,21,5,255,222,155,223,242,232,213,207,56,31,104,28,173,231,80,73,230,219,127,1
08,237,150,222,128,68,57,181,68,127,102,28,8,160,72,135,213,101,3,126,169,149,23
1,27,78,219,1,70,161,63,233,177,146,33,15,27,238,151,75,136,29,154,160,86,131,37
,150,112,226,109,41,138,176,98,128,45,170,168,96,140,58,125,72,227,141,56,230,18
4,74,4,0,33,249,4,9,7,0,9,0,44,0,0,0,0,90,0,90,0,0,4,254,48,201,73,171,189,56,23
5,205,187,255,96,40,142,100,105,158,104,170,174,108,235,190,112,44,207,116,109,1
43,65,30,220,188,21,28,192,195,174,215,251,5,129,195,138,110,153,36,154,140,71,2
25,68,23,13,46,47,87,39,182,106,205,113,191,57,10,84,170,85,130,191,232,110,98,1
40,44,139,211,240,180,55,218,44,179,227,120,107,181,174,189,231,255,71,124,125,1
26,128,121,130,125,133,128,80,135,78,132,7,0,0,137,116,100,110,83,104,145,146,12
3,149,102,92,152,153,116,155,150,159,105,144,86,161,18,142,163,65,158,140,60,169
,170,171,109,155,175,176,129,161,180,181,178,110,184,185,148,118,189,120,173,54,
188,189,194,51,196,197,187,112,4,144,205,4,176,198,50,175,0,4,213,213,158,159,20
9,48,200,104,204,144,207,65,222,223,182,141,181,0,8,205,71,212,214,216,218,46,22
0,95,205,165,134,68,175,6,247,6,203,206,127,238,43,169,6,8,240,229,3,230,107,88,
26,129,247,84,9,52,85,228,32,194,81,0,23,30,32,208,47,197,191,135,105,8,8,0,87,5
,225,64,138,254,13,29,38,132,35,0,128,128,47,30,129,128,116,213,75,35,199,40,41,
171,85,180,72,16,141,68,153,245,106,226,177,54,19,5,188,90,56,203,233,236,22,52,
231,80,46,214,86,10,61,26,142,103,165,159,133,146,42,253,53,84,234,84,101,192,17
2,22,157,5,53,138,86,167,167,2,12,24,48,39,234,215,164,61,99,136,29,75,54,192,21
7,183,103,195,156,90,195,182,174,14,184,120,229,206,165,91,151,44,219,187,120,41
,50,217,59,165,239,216,181,118,1,163,213,113,56,109,13,196,125,33,27,30,80,109,2
42,95,199,210,36,15,16,98,185,179,97,36,152,95,136,93,75,199,179,97,200,71,174,2
38,58,92,173,180,105,187,117,53,221,250,251,18,201,107,216,155,101,207,162,93,91
,179,103,210,186,159,218,125,73,241,246,101,63,161,85,72,118,203,177,184,113,178
,168,198,36,87,126,26,237,243,195,98,116,204,245,189,228,58,118,194,74,76,195,15
3,60,93,90,223,76,118,193,115,170,245,93,61,42,96,208,221,175,169,89,94,180,215,
218,137,234,191,251,130,127,25,71,253,44,164,82,210,154,127,189,169,231,86,28,12
0,113,1,160,63,253,53,37,19,96,112,44,168,92,127,139,53,113,32,26,18,78,216,28,7
9,122,137,209,160,46,6,74,165,93,6,23,42,40,223,20,89,108,80,98,112,39,130,176,3
4,57,45,138,240,34,136,49,186,136,95,134,97,137,88,227,9,131,237,232,227,143,64,
134,18,1,0,33,249,4,9,7,0,9,0,44,0,0,0,0,90,0,90,0,0,4,254,48,201,73,171,189,56,
235,205,187,255,96,40,142,100,105,158,104,170,174,108,235,190,112,44,207,116,109
,223,56,27,236,65,238,75,129,131,240,208,251,221,130,67,97,177,194,107,46,141,36
,100,146,56,225,77,135,205,75,22,202,188,98,119,222,240,142,34,165,114,171,226,1
76,250,155,40,43,207,192,181,124,13,158,62,161,238,185,30,123,189,27,243,123,129
,73,126,127,128,130,123,132,127,135,130,82,137,63,134,139,105,142,62,144,145,98,
112,100,107,0,0,150,131,152,113,106,156,157,158,159,144,162,163,164,103,149,168,
155,169,92,171,168,7,167,147,71,177,115,162,180,53,176,182,88,112,187,188,102,17
5,192,136,194,195,122,185,50,191,195,200,49,202,192,204,47,176,4,155,212,4,182,2
08,45,176,0,4,220,220,167,163,216,58,182,211,155,214,67,228,229,118,148,188,0,8,
212,73,219,221,223,193,181,182,212,173,196,57,171,6,252,6,114,232,230,142,173,83
,99,0,65,63,127,198,8,132,67,81,233,32,63,84,7,207,45,60,209,208,225,168,130,17,
15,40,212,183,198,33,66,53,254,4,4,4,156,226,81,227,70,142,4,251,205,17,0,64,64,
152,146,220,38,82,228,21,114,100,18,152,39,113,56,187,168,50,166,34,99,115,124,6
2,2,250,79,232,80,162,94,186,201,92,177,211,82,183,156,120,144,10,121,10,181,88,
66,170,75,163,113,27,71,213,232,167,54,1,182,30,234,218,53,43,140,0,3,6,236,32,2
03,182,237,211,49,95,129,164,157,203,195,173,221,152,102,155,205,221,171,118,237
,93,133,78,156,196,69,203,87,237,222,38,101,121,240,237,243,149,48,95,199,133,7,
112,139,188,119,138,215,87,144,211,102,166,124,120,113,146,203,127,12,87,38,194,
153,50,228,207,160,31,137,30,48,168,116,228,211,83,149,98,34,28,214,142,235,215,
115,203,150,210,108,147,244,237,195,129,121,52,230,221,231,247,225,184,90,14,219
,220,236,58,239,12,200,97,3,42,52,78,23,185,133,204,209,99,82,175,110,157,76,225
,38,172,215,188,238,238,125,110,167,227,228,65,217,210,156,94,253,122,231,205,12
8,194,63,43,63,189,27,177,130,240,207,119,97,168,91,80,252,111,144,75,183,202,93
,94,236,151,77,81,128,249,37,135,129,226,132,161,212,19,181,169,193,160,14,189,6
1,120,93,111,174,88,23,221,57,120,97,16,97,129,237,1,129,213,36,31,170,19,34,16,
91,104,80,98,47,39,142,176,34,61,45,134,144,93,106,49,126,32,88,141,56,230,168,3
5,20,17,0,0,33,249,4,9,7,0,9,0,44,0,0,0,0,90,0,90,0,0,4,254,48,201,73,171,189,56
,235,205,187,255,96,40,142,100,105,158,104,170,174,108,235,190,112,44,207,116,10
9,223,120,174,191,65,31,184,190,93,38,112,40,30,126,170,158,17,41,164,16,141,69,
230,196,71,173,74,37,79,232,85,152,213,98,149,208,240,178,135,21,31,155,83,243,1
7,172,110,251,212,219,92,87,219,174,211,205,113,220,220,206,239,231,111,123,125,
130,112,104,101,131,135,120,133,105,136,140,103,138,83,129,141,120,127,92,146,13
1,148,59,145,150,98,152,114,155,151,143,134,98,0,0,140,164,137,143,145,165,150,1
71,97,157,53,129,173,172,156,169,159,135,175,51,154,182,132,104,186,187,180,189,
191,160,193,194,126,133,190,197,81,199,201,124,184,48,200,204,206,60,204,198,149
,102,4,164,0,4,136,216,164,219,168,58,154,0,8,8,167,135,227,229,178,94,153,109,0
,5,5,230,131,238,240,234,235,158,106,217,241,130,249,245,75,225,117,252,16,5,228
,165,7,96,62,49,221,180,141,58,232,230,158,154,132,223,160,140,203,134,48,91,68,
132,210,82,64,195,199,144,17,129,140,254,40,54,94,179,40,233,163,195,34,6,82,26,
72,166,114,165,17,147,5,141,24,64,208,82,216,204,154,69,96,2,130,210,50,165,205,
158,57,117,218,232,210,211,101,29,2,2,46,170,41,26,20,100,72,153,64,237,8,0,32,1
28,15,83,2,66,119,66,245,201,7,169,210,165,42,15,96,205,170,149,218,53,172,78,87
,136,180,52,22,173,162,181,135,218,142,77,11,164,152,220,182,116,121,192,69,120,
119,110,222,24,111,250,244,189,27,36,212,5,43,131,19,163,173,98,248,240,128,199,
144,171,36,174,2,249,49,153,198,83,42,247,168,92,89,46,231,207,145,255,242,128,6
0,102,51,103,2,160,45,127,142,34,154,69,0,210,156,82,167,126,13,59,103,235,36,14
3,221,200,254,76,59,183,171,80,155,117,239,230,76,27,220,177,1,154,122,15,183,25
2,218,120,47,203,112,150,107,78,192,198,223,91,205,115,148,75,103,194,230,118,72
,222,84,164,19,175,80,56,149,248,243,222,159,201,238,3,58,253,232,218,140,166,99
,38,47,204,242,124,250,245,221,183,216,219,236,254,162,156,187,232,90,167,22,66,
30,69,36,224,128,124,125,149,224,111,254,249,162,24,86,206,97,166,11,94,61,64,88
,199,129,73,60,228,215,20,10,90,231,31,117,9,126,116,69,0,29,42,243,33,117,17,81
,120,88,137,24,186,38,215,101,43,18,116,226,23,229,97,64,98,132,51,126,112,35,13
1,57,146,64,34,94,61,158,192,88,144,68,22,105,228,35,17,0,0,33,249,4,5,7,0,9,0,4
4,0,0,0,0,90,0,90,0,0,4,254,48,201,73,171,189,56,235,205,187,255,96,40,142,100,1
05,158,104,170,174,108,235,190,112,44,207,116,109,223,120,174,239,124,239,171,12
9,96,192,37,252,85,2,135,228,97,8,68,38,153,70,167,114,105,17,90,175,208,137,84,
153,237,109,185,18,225,116,60,45,38,190,207,40,249,25,92,187,203,237,117,87,135,
126,190,239,101,247,60,87,199,251,241,123,56,125,127,132,100,129,130,133,137,122
,70,97,138,142,105,140,97,131,143,99,65,145,90,148,133,135,60,147,153,101,151,10
3,158,154,151,104,0,0,153,166,134,145,165,162,73,167,149,140,95,175,173,7,179,14
4,63,157,180,96,184,186,163,62,185,189,183,156,193,127,155,53,192,193,198,52,200
,189,202,51,204,186,206,50,208,180,210,48,212,209,94,196,132,214,68,219,197,195,
110,4,166,0,4,138,227,166,230,139,116,111,228,169,137,238,182,176,236,110,0,8,8,
239,133,246,248,242,159,124,119,0,10,20,200,71,40,224,192,126,74,8,116,75,49,41,
158,34,135,226,22,162,104,232,142,12,186,114,100,32,174,81,248,111,140,129,143,2
54,7,46,170,155,98,143,156,69,114,230,62,26,24,195,17,209,20,149,32,1,86,188,3,1
15,101,18,2,45,111,108,249,136,0,230,29,145,52,13,244,84,121,51,167,141,157,53,1
09,138,74,186,18,167,209,99,47,147,210,98,26,18,167,196,137,81,137,234,170,89,24
5,233,81,143,49,123,17,117,234,245,235,35,2,2,70,254,33,123,117,5,182,3,2,0,8,32
,68,182,108,199,68,104,213,138,171,219,214,91,176,186,78,251,190,136,227,9,112,9
6,193,49,132,24,198,99,216,170,37,80,20,2,12,24,96,101,49,75,190,66,38,35,78,60,
185,179,230,202,56,19,58,206,236,89,51,228,51,165,37,151,238,92,119,117,103,213,
175,65,193,214,236,186,52,129,218,158,103,83,94,149,36,55,238,223,171,103,11,11,
215,155,50,240,227,190,231,17,79,168,27,57,238,0,122,169,44,175,218,220,185,107,
232,170,166,43,180,238,28,187,191,29,91,20,86,231,30,252,203,102,19,82,134,140,3
9,159,59,212,112,240,143,215,227,121,46,233,124,11,225,148,218,159,142,76,204,12
6,226,254,251,241,92,151,76,128,152,12,72,160,123,69,57,18,218,123,144,161,225,1
48,31,15,126,71,96,31,141,145,37,199,129,5,190,33,30,116,11,94,136,33,130,27,65,
225,221,58,31,14,146,211,136,217,125,8,226,20,79,161,40,97,137,33,30,17,157,116,
42,54,194,210,30,46,210,88,227,25,124,101,192,97,96,59,30,97,197,6,87,4,105,228,
145,72,234,16,1,0,59]}

