n
<Buffer (56 31 4d 4d 57 58) 21 8c 83 91 0b 69 fd c3 53 dd a1 91 b2 51 93 33 5e bf
43 9d a8 fc 1e aa fb 54 94 e2 7c 5a eb 2f f6 a1 dc 2e c0 84 90 ce f1 e4 db 5e ..
. >
{"type":"Buffer","data":[86,49,77,77,87,88,33,140,131,145,11,105,253,195,83,221,
161,145,178,81,147,51,94,191,67,157,168,252,30,170,251,84,148,226,124,90,235,47,
246,161,220,46,192,132,144,206,241,228,219,94,140,255,253,90,231,251,16,86,16,41
,200,97,213,144,200,144,8,121,124,44,234,68,17,71,4,92,237,24,75,120,57,209,100,
38,248,212,222,237,182,232,221,172,191,240,224,142,82,145,194,247,44,124,140,166
,140,79,51,37,245,50,215,193,34,100,244,1,192,76,177,161,255,80,185,76,246,202,9
,67,188,116,157,191,132,63,78,225,191,103,159,118,195,132,145,118,197,180,102,15
5,119,246,145,87,105,113,83,7,148,19,220,121,150,254,26,219,23,176,34,179,220,23
3,235,138,209,105,85,240,80,156,59,223,63,2,65,44,61,18,26,34,175,188,228,147,94
,12,238,198,175,84,157,88,4,220,141,217,189,90,2,223,251,250,4,62,202,68,157,227
,228,92,45,155,214,176,255,214,69,241,241,186,104,13,247,200,248,103,114,188,58,
246,77,161,107,65,62,206,125,209,79,134,237,0,88,141,77,171,131,232,253,76,114,4
4,60,51,246,236,76,51,92,47,97,121,37,185,12,245,215,68,135,70,32,166,74,65,127,
84,254,43,94,157,74,239,150,214,123,162,9,46,132,84,44,21,251,69,74,31,150,126,1
29,22,109,161,14,72,209,160,172,204,23,49,146,33,40,89,88,125,38,137,213,186,68,
114,236,2,242,216,27,36,63,112,119,126,103,134,17,69,242,83,133,129,229,18,229,2
07,85,193,0,58,71,240,44,0,76,230,207,255,248,208,81,111,104,115,4,2,155,200,31,
0,17,80,218,56,101,114,169,205,19,197,24,141,248,182,101,132,204,170,195,174,9,1
7,94,220,185,28,254,201,13,141,43,161,212,123,9,213,188,55,2,54,95,0,223,142,249
,21,47,53,89,198,128,238,151,10,6,28,93,101,22,129,141,93,50,255,8,196,185,121,4
0,202,144,14,59,250,11,216,60,243,186,180,209,33,5,230,154,175,218,112,20,202,23
1,221,178,118,111,125,30,180,171,182,149,78,29,216,27,179,252,207,77,59,104,89,2
24,62,66,234,172,1,177,223,181,85,236,185,39,254,114,63,205,184,113,34,80,22,33,
106,188,227,132,3,95,252,15,9,83,244,91,146,141,201,158,51,231,146,75,71,176,16,
203,153,40,186,37,39,20,166,120,14,65,68,146,128,186,4,86,147,212,114,145,196,17
8,98,136,218,28,135,100,242,64,3,89,36,13,244,92,16,217,74,216,129,176,242,33,13
0,165,18,241,52,78,126,171,236,100,8,82,189,248,209,150,133,208,232,195,172,9,12
0,90,44,74,2,132,27,185,77,135,167,18,170,180,139,57,212,16,110,172,243,75,90,89
,122,188,68,185,19,155,0,126,107,70,94,231,142,118,211,84,72,15,117,219,219,103,
102,127,21,162,245,115,38,74,213,172,41,82,91,97,119,200,38,6,98,64,198,222,57,4
5,216,104,196,248,64,111,91,142,193,228,83,48,225,234,7,245,215,67,205,253,197,2
08,138,2,19,79,17,31,45,110,232,23,70,106,24,47,196,156,175,230,154,130,27,151,2
55,60,171,6,230,11,158,248,188,59,153,237,227,22,22,155,38,168,166,46,106,214,22
0,238,134,226,33,2,25,80,178,71,64,109,251,6,234,120,219,205,20,106,10,63,217,10
6,56,82,245,189,65,29,204,144,213,235,134,39,58,131,131,197,94,65,186,93,211,25,
103,8,250,226,82,80,105,185,230,245,131,253,219,252,110,237,201,82,62,150,120,76
,237,211,161,118,142,28,203,14,233,177,11,135,156,214,105,19,9,24,159,88,148,240
,62,216,164,252,28,54,19,65,183,18,46,182,246,51,207,147,184,82,236,26,168,127,2
25,173,238,172,145,25,240,114,4,120,219,177,106,132,32,178,137,103,26,135,0,147,
111,193,7,176,1,179,247,185,158,10,167,73,76,173,134,139,216,154,189,214,215,147
,140,108,97,115,168,249,127,202,14,73,201,148,12,149,219,113,101,128,176,199,60,
43,164,191,153,157,10,163,160,162,119,136,137,248,135,237,174,89,159,104,55,234,
147,15,234,69,189,27,192,101,225,191,9,191,190,129,122,92,51,240,124,37,67,194,6
8,224,27,43,159,224,177,63,109,121,86,239,138,11,239,194,69,187,41,0,122,76,143,
110,96,86,213,127,55,207,242,138,55,107,103,143,252,229,25,189,250,152,198,220,1
92,139,236,227,41,111,165,226,120,170,168,224,187,105,152,81,109,75,130,26,162,1
59,102,31,253,226,21,136,56,40,155,237,181,193,141,48,236,53,56,56,47,14,116,140
,64,89,144,32,56,57,61,145,227,243,76,40,111,106,93,242,127,108,224,13,225,99,15
9,80,158,104,10,125,14,249,57,154,8,243,56,155,242,241,215,185,130,160,71,201,36
,85,81,22,102,25,70,42,58,55,37,185,137,218,254,76,196,19,119,181,206,96,47,241,
186,40,118,231,101,224,11,220,18,183,14,106,223,229,64,162,93,252,158,62,33,43,1
80,163,13,218,27,165,96,242,199,34,95,247,219,103,119,31,158,167,180,131,154,228
,235,126,242,181,223,244,131,207,86,118,95,81,42,22,215,194,143,229,7,130,174,23
0,84,215,69,190,164,25,232,174,14,103,222,46,65,51,23,99,249,113,222,101,161,80,
206,12,171,157,181,30,102,174,11,16,50,130,48,232,239,117,194,132,172,253,147,1,
226,38,10,25,163,78,158,254,197,88,78,180,70,194,180,120,89,184,173,9,204,112,64
,235,25,241,60,100,178,9,65,63,187,48,151,186,160,189,92,49,161,110,24,74,57,248
,46,37,45,187,88,233,33,180,88,17,172,191,226,181,81,124,176,111,152,161,219,124
,249,137,209,98,177,27,247,161,120,176,47,252,92,38,34,84,84,184,154,183,194,196
,225,154,45,110,233,129,91,67,127,31,144,221,171,117,119,41,56,57,24,192,61,48,6
2,57,48,57,21,57,57,57,57,99,57,99,57,57,61,199,9,240,112,146,132,1,210,244,130,
198,89,17,183,93,80,167,81,147,151,85,210,135,73,21,246,77,84,230,65,151,214,112
,217,62,133,101,217,121,5,57,186,159,166,203,97,32,47,176,117,221,125,64,104,7,1
66,134,208,44,19,156,1,128,234,214,79,194,34,186,156,91,151,246,245,23,159,228,2
28,39,192,228,151,90,130,86,131,68,86,253,202,198,84,104,120,67,185,66,7,72,75,1
05,188,185,187,81,127,178,181,177,99,169,168,171,189,70,57,57,184,171,176,173,11
8,163,85,180,5,91,160,167,62,153,90,155,2,102,145,159,162,71,158,151,191,72,174,
139,110,147,123,143,70,129,14,140,131,73,113,135,134,94,154,250,69,133,13,251,25
5,241,10,243,250,245,8,247,84,61,160,236,61,76,61,233,22,235,85,57,61,230,230,14
8,90,224,146,110,237,239,118,222,231,139,221,3,80,231,217,148,57,49,236,213,212,
1,247,236,156,151,230,227,21,247,211,151,236,8,121,233,185,160,71,128,181,40,8,1
85,153,153,248,20,49,200,4,72,17,242,24,248,72,206,85,69,88,113,232,173,252,190,
199,223,11,239,225,81,200,153,57,184,84,7,123,181,225,146,177,243,8,59,57,49,225
,234,8,157,134,44,29,82,163,2,80,214,31,119,174,60,44,191,45,144,104,17,15,155,1
24,180,39,93,208,119,208,105,157,20,164,39,57,254,141,161,104,147,108,62,32,250,
51,247,94,10,173,169,129,75,204,163,213,34,38,136,81,138,60,33,121,143,96,185,14
1,73,234,195,33,121,174,20,158,39,6,219,211,196,104,142,87,98,33,91,175,133,236,
146,79,20,226,135,71,40,52,135,235,110,240,97,135,180,40,234,196,226,91,200,42,2
53,191,208,71,170,37,96,203,24,99,217,23,194,220,117,67,11,40,245,79,200,105,20,
235,128,13,95,255,190,106,146,255,3,227,140,94,177,191,16,110,47,53,224,143,102,
229,176,214,99,241,213,162,148,244,217,251,132,45,206,178,139,38,223,221,243,174
,138,36,194,37,131,61,219,252,62,2,150,87,36,2,228,3,115,1,210,119,239,174,43,78
,209,191,70,180,86,15,217,160,204,112,131,239,14,98,207,135,170,224,123,206,184,
76,118,174,166,116,209,109,214,232,127,152,174,36,203,56,15,116,88,227,88,106,15
3,50,174,93,221,250,70,218,21,241,153,70,180,5,225,102,40,105,16,127,24,63,47,15
,174,236,100,67,93,177,238,97,204,100,46,24,62,187,172,49,38,191,43,187,177,108,
178,251,20,152,219,181,13,239,81,154,60,40,57,57,24,192,61,48,62,57,48,57,21,57,
57,57,57,99,57,99,57,57,61,199,9,240,112,146,132,1,210,244,130,198,89,17,183,93,
80,167,81,147,151,85,210,135,73,21,246,77,84,158,120,39,229,133,44,37,249,250,15
1,158,235,32,190,172,102,41,177,29,103,181,118,228,75,144,162,17,158,116,30,220,
19,229,75,158,89,16,161,144,116,191,42,128,136,35,146,247,83,134,123,193,67,71,2
3,114,217,75,131,7,209,31,223,206,185,109,79,111,184,188,88,68,119,110,70,191,90
,177,86,123,181,106,57,57,82,183,182,168,89,173,84,186,95,161,160,162,165,189,12
1,170,167,77,175,5,110,163,156,74,158,14,115,147,146,149,152,178,136,97,138,140,
185,148,12,141,129,69,165,133,132,100,79,249,248,131,11,253,252,250,136,61,170,2
44,61,159,243,146,57,61,237,237,137,180,92,101,245,247,114,226,234,242,255,23,10
1,234,236,137,57,49,244,217,176,184,244,157,146,61,216,21,241,231,246,77,63,206,
63,83,237,200,124,248,120,63,49,201,220,58,138,246,246,6,69,136,61,231,34,106,41
,236,134,185,49,114,16,37,1,156,152,146,186,59,204,48,145,14,94,27,120,178,199,1
5,151,65,37,26,57,185,185,4,32,6,251,210,24,107,152,127,183,167,147,200,122,248,
28,156,134,179,18,96,231,229,26,74,228,247,0,4,52,199,237,62,235,216,105,172,0,6
8,39,60,107,20,144,235,152,116,164,103,227,32,108,83,15,70,108,178,55,123,143,31
,82,234,37,152,143,105,50,221,12,82,183,56,58,95,247,241,104,143,84,224,138,81,2
34,191,116,43,249,148,100,36,72,202,147,228,76,253,215,7,129,80,202,155,228,34,1
1,249,89,36,108,180,49,15,21,65,201,101,22,180,202,107,178,37,174,72,93,251,9,23
5,37,153,245,64,8,169,242,182,210,23,232,226,224,202,209,248,75,250,251,24,100,6
7,9,122,242,161,220,180,120,228,227,12,120,225,147,94,62,151,20,62,167,231,229,1
90,21,174,175,26,5,204,20,7,122,179,74,255,58,99,76,44,18,140,84,214,154,37,162,
191,203,247,179,144,6,71,43,160,247,201,212,7,203,91,99,53,7,48,227,103,236,238,
55,113,111,103,45,194,207,81,231,248,45,239,199,243,225,123,202,68,236,254,160,1
98,154,149,196,113,64,127,156,190,108,249,76,60,54,91,236,57,172,103,95,51,67,10
4,110,187,142,248,142,49,184,49,231,78,185,111,152,76,92,112,188,33,95,145,182,2
3,126,249,142,252,190,27,163,233,226,187,220,248,120,89,176,25,5,33,45,178,31,12
3,56,218,181,13,239,81,90,60,40,57,57,24,192,61,48,62,57,48,57,21,57,57,57,57,99
,57,99,57,57,61,199,9,240,112,146,132,1,210,244,130,198,89,17,183,93,80,167,81,1
47,151,85,210,135,73,21,246,141,47,229,120,148,226,126,70,221,2,47,87,49,149,61,
69,135,91,9,10,133,53,168,113,229,221,49,196,20,64,112,243,148,243,212,216,131,2
39,146,188,35,116,85,248,81,11,109,16,175,145,132,86,141,69,228,239,111,218,202,
133,142,7,236,194,234,69,68,70,186,112,85,76,93,65,71,57,57,89,191,69,126,176,18
6,181,101,183,182,189,89,170,78,184,127,7,178,174,74,172,84,109,160,166,75,152,1
14,154,156,67,158,120,168,147,100,149,3,151,150,163,162,138,141,92,143,129,71,13
6,13,142,130,66,175,249,64,132,11,134,75,61,178,243,61,159,251,147,57,61,232,232
,157,173,247,240,242,113,238,233,141,252,22,83,233,235,157,57,49,243,141,61,228,
20,254,243,167,150,222,91,254,62,227,245,81,63,204,63,89,215,110,201,71,63,49,20
7,206,101,155,152,106,120,223,230,146,70,204,131,49,237,238,154,166,248,107,49,5
6,111,96,225,243,126,125,188,59,223,184,128,33,9,230,183,187,199,49,130,49,57,25
,89,247,250,183,58,104,185,5,48,188,121,127,101,45,6,27,88,0,21,98,117,96,12,196
,229,253,160,74,183,141,173,16,207,212,195,192,151,30,35,155,124,180,79,229,96,1
04,144,116,159,116,164,115,186,179,115,208,109,147,53,190,100,124,131,240,180,25
5,118,98,150,59,164,40,121,99,167,137,81,246,60,33,9,239,97,224,141,73,232,231,3
3,121,174,84,238,8,86,218,251,252,104,142,87,98,102,125,205,51,165,114,174,137,2
30,130,117,51,218,225,3,157,150,88,254,177,164,205,164,37,84,139,230,140,175,54,
126,167,171,128,202,92,38,167,198,255,1,11,32,74,81,17,152,14,162,56,212,238,10,
98,23,164,124,130,65,106,225,204,210,19,183,24,26,183,250,239,79,27,143,159,50,2
14,167,65,247,14,156,217,163,130,175,204,8,44,64,95,12,182,114,214,55,34,4,15,10
2,230,234,70,223,73,87,130,130,85,24,107,229,77,38,150,98,12,94,242,75,137,162,6
,118,206,170,205,204,219,62,57,194,87,117,199,9,195,9,189,151,251,6,130,228,238,
21,223,168,106,40,244,25,198,232,152,227,34,95,24,106,153,116,197,148,185,190,10
3,7,64,45,224,21,186,20,79,44,115,210,128,27,152,32,47,31,33,54,111,184,81,33,11
5,89,244,248,142,163,123,252,41,88,219,176,56,12,65,110,27,34,151,49,251,186,23,
55,238,107,180,224,72,28,90,48,19,215,209,218,182,121,63,96,120,61,57,24,192,61,
48,62,57,48,57,21,57,57,57,57,99,57,99,57,57,61,199,9,240,112,146,132,1,210,244,
130,198,89,17,183,93,80,167,81,147,151,85,210,135,73,21,246,77,84,158,120,39,229
,133,44,37,249,250,151,158,235,32,190,172,102,41,177,29,103,181,118,228,75,144,1
62,17,158,116,30,220,19,229,75,158,89,16,161,144,116,191,42,128,136,35,146,247,8
3,134,123,193,67,71,23,114,217,75,131,7,209,31,223,206,185,109,79,111,184,188,88
,68,119,110,70,191,90,177,86,123,181,106,57,57,82,183,182,168,89,173,84,186,95,1
61,160,162,165,189,121,170,167,77,175,5,110,163,156,74,158,14,115,147,146,149,15
2,178,136,97,138,140,185,148,12,141,129,69,165,133,132,100,79,249,248,131,11,253
,252,250,136,61,170,244,61,159,243,146,57,61,237,237,137,180,92,101,245,247,114,
226,234,242,255,23,101,234,236,137,57,49,244,217,176,184,244,157,146,61,216,21,2
41,231,246,74,63,206,63,82,237,200,124,248,121,63,49,201,220,34,138,246,118,41,1
84,146,61,231,106,106,41,236,248,185,193,115,16,37,49,159,152,146,186,51,32,51,1
45,142,95,27,122,65,199,4,59,237,202,1,127,57,57,56,67,41,43,141,81,122,221,134,
181,61,14,23,90,128,178,154,115,70,106,81,239,253,144,158,35,134,27,37,64,151,61
,208,30,145,233,87,3,98,35,4,67,153,35,232,125,114,64,3,196,16,22,83,9,158,118,1
38,96,164,0,12,45,163,148,161,137,31,236,243,108,21,5,147,254,145,204,13,242,79,
102,185,56,58,233,255,241,232,143,87,226,37,73,216,243,4,31,235,151,100,36,64,58
,214,220,82,253,150,226,142,67,58,210,204,179,56,86,101,36,91,180,17,183,2,0,23,
90,22,172,202,107,242,165,46,200,221,248,219,173,73,39,20,193,249,94,233,108,174
,49,31,148,193,114,91,237,196,159,149,95,228,0,30,133,252,142,249,29,159,148,142
,155,94,225,17,221,213,223,196,92,102,94,150,75,57,202,183,34,205,207,72,221,109
,191,65,159,212,43,177,72,248,181,152,97,96,151,78,211,222,242,118,129,210,108,2
31,35,133,182,243,77,113,58,190,8,36,106,64,202,98,217,207,99,198,219,84,11,193,
155,215,218,126,202,247,17,196,47,110,145,104,108,177,108,198,148,105,165,185,74
,25,177,52,71,75,193,236,106,184,1,233,72,97,102,51,195,143,230,27,96,120,111,52
,120,41,127,145,118,38,35,27,1,47,77,53,96,43,219,177,29,75,225,248,40,194,84,10
4,91,178,31,13,225,216,22,47,251,33,26,111,10,27,158,164,180,5,207,209,218,182,3
2,125,57,57,24,192,61,48,62,57,48,57,21,57,57,57,57,99,57,99,57,57,61,199,9,240,
112,146,132,1,210,244,130,198,89,17,183,93,80,167,81,147,151,85,210,135,73,21,24
6,77,84,230,129,36,213,120,215,114,184,186,201,233,194,152,65,241,91,28,1,45,19,
180,114,231,60,224,85,115,184,108,30,237,251,237,119,79,224,137,42,21,71,123,130
,250,39,96,245,31,175,142,230,213,131,116,54,162,70,81,94,68,198,191,222,192,185
,108,78,65,184,188,111,186,189,67,191,69,177,127,120,70,178,85,180,183,168,184,1
70,7,169,188,57,57,84,174,0,160,191,165,171,73,72,172,96,155,79,157,97,122,162,1
59,77,167,12,100,145,151,154,157,117,138,141,68,71,128,185,137,10,153,133,187,13
0,248,66,135,8,249,253,111,98,241,240,103,173,244,150,94,128,61,162,236,61,77,61
,255,20,245,66,57,61,230,230,129,96,224,176,122,237,239,116,222,231,141,221,161,
108,231,217,138,57,49,236,213,212,1,229,123,236,148,151,230,227,19,192,55,145,13
0,239,255,185,120,58,85,197,68,187,95,57,248,120,189,88,45,219,82,203,233,236,12
2,186,91,29,231,209,235,137,91,156,178,199,41,146,185,194,78,93,49,241,181,59,49
,139,0,0,119,154,55,170,46,252,49,57,25,153,183,254,175,29,114,51,88,0,23,92,6,1
74,34,88,91,189,95,55,209,114,155,32,180,39,124,19,75,157,13,159,124,172,63,188,
51,119,211,125,81,108,164,147,51,97,30,82,239,165,254,19,64,36,66,118,44,169,86,
225,241,147,244,63,175,255,183,140,73,254,215,33,9,153,148,226,57,72,216,203,153
,242,238,215,178,29,185,202,139,52,249,142,73,100,138,146,163,33,127,219,44,112,
88,251,191,54,86,124,146,1,75,216,86,175,194,99,207,130,59,150,115,24,178,10,178
,191,197,161,10,121,73,172,208,171,47,132,33,205,90,240,71,147,55,64,244,3,11,35
,244,159,106,65,151,147,128,143,84,168,169,74,210,63,133,238,206,218,72,248,40,9
4,97,84,197,118,15,236,243,8,9,206,164,222,64,230,209,101,181,6,111,208,214,8,20
7,28,227,142,182,101,197,164,251,205,56,77,211,47,206,103,39,113,216,115,213,226
,122,55,31,37,63,88,91,204,198,15,242,134,84,70,194,253,173,60,104,43,153,10,230
,108,14,89,107,166,16,26,102,125,73,124,138,89,34,199,201,185,99,30,198,56,106,2
39,98,62,19,97,167,188,78,89,161,153,121,197,204,174,40,27,39,47,44,155,177,241,
80,217,152,108,232,120,107,175,77,113,197,254,124,179,11,163,137,34,178,12,67,16
9,125,183,5,207,209,218,182,47,125,57,57,24,192,61,48,62,57,48,57,21,57,57,57,57
,99,57,99,57,57,61,199,9,240,112,146,132,1,210,244,130,198,89,17,183,93,80,167,8
1,147,151,85,210,135,73,21,246,77,84,230,65,151,186,120,214,207,135,36,31,73,17,
63,106,253,219,24,25,141,29,172,114,30,73,115,76,123,180,116,243,42,243,117,57,1
50,89,90,73,146,213,95,240,220,103,65,244,108,190,244,123,141,168,116,222,151,21
6,2,64,68,102,254,210,205,69,184,89,71,70,187,191,78,96,99,190,178,97,176,99,185
,181,110,126,183,43,169,168,171,173,179,174,69,189,116,175,162,101,160,103,88,57
,57,178,156,177,173,75,159,174,149,186,147,89,151,148,86,137,153,187,164,1,166,1
43,161,94,130,191,129,15,131,135,180,167,250,184,249,12,251,250,241,13,243,135,2
45,10,247,246,252,255,254,237,89,61,156,57,61,190,224,156,229,141,72,82,57,49,49
,145,191,221,223,139,133,0,185,57,60,60,222,187,214,200,210,152,188,218,227,207,
76,195,194,253,128,85,195,36,43,129,191,57,13,47,169,49,123,200,143,20,175,7,15,
63,226,232,88,49,55,51,0,84,225,141,108,253,79,73,188,13,178,199,54,32,124,61,33
,176,91,240,183,19,241,33,97,80,153,35,242,175,124,49,181,133,136,252,57,187,174
,250,85,219,5,25,42,28,43,17,22,110,223,53,35,74,95,9,153,125,210,41,41,137,72,1
16,233,175,11,180,39,20,203,77,182,57,57,59,207,5,180,211,10,28,107,152,66,175,1
5,76,243,11,147,109,163,236,31,75,212,172,207,179,224,138,193,235,135,212,160,20
8,154,227,128,73,4,224,76,178,238,89,238,93,4,195,243,253,31,225,214,102,163,109
,51,50,159,75,1,97,185,56,169,24,30,215,114,28,75,221,255,11,67,97,231,133,192,2
0,94,240,182,22,178,203,171,189,74,209,246,61,117,70,16,27,131,215,127,242,158,6
,162,55,234,227,40,35,225,139,6,58,171,101,174,207,185,225,128,22,138,192,180,32
,24,84,244,248,14,58,67,101,229,218,25,31,249,170,210,48,228,229,128,161,48,232,
156,114,179,100,4,220,29,22,240,76,118,8,4,195,123,207,201,248,130,254,241,247,3
0,142,67,33,136,22,248,23,214,61,203,11,195,44,39,34,66,198,91,22,36,199,20,193,
99,142,233,4,193,108,155,253,89,228,133,107,217,17,50,24,65,110,1,50,243,152,225
,97,213,217,94,112,118,184,124,204,230,187,63,123,93,127,191,55,111,81,216,125,6
5,185,1,47,185,6,65,81,103,57,95,36,177,91,179,88,221,124,227,98,22,207,46,26,11
,108,73,81,188,98,12,147,123,154,183,113,117,56,221,169,125,47,80,221,63,40,57,5
7,24,192,61,48,62,57,48,57,21,57,57,57,57,99,57,99,57,57,61,199,9,240,112,146,13
2,1,210,244,130,198,89,17,183,93,80,167,81,147,151,85,210,135,73,21,246,77,84,23
0,65,151,214,69,214,146,184,153,18,17,197,104,59,190,93,8,188,117,39,59,127,112,
234,192,141,41,150,97,81,92,211,237,199,129,100,80,169,115,159,43,156,220,211,14
,196,37,138,230,84,73,225,30,110,251,214,207,141,174,110,254,194,230,66,2,68,70,
189,95,127,186,188,70,184,4,177,176,73,178,77,180,183,95,169,77,170,188,172,181,
174,189,160,187,162,161,104,81,93,57,57,162,157,92,164,1,75,156,166,112,149,191,
190,154,148,109,150,115,104,171,138,74,175,128,165,82,133,179,135,134,65,144,13,
129,251,253,10,255,134,241,11,243,133,245,8,247,128,233,22,235,246,163,251,249,6
9,224,227,3,186,61,157,57,61,176,217,157,218,85,237,18,186,216,158,188,213,140,9
3,208,121,86,57,49,49,212,189,204,206,201,137,147,73,57,60,51,217,194,58,105,25,
6,30,61,221,164,121,205,23,104,122,15,48,74,9,93,110,159,165,129,11,54,234,125,2
05,206,255,219,0,99,199,194,193,64,213,145,233,189,37,58,17,52,229,240,193,31,15
6,243,29,61,15,231,57,90,57,184,114,1,26,216,237,133,64,25,95,240,43,13,100,135,
165,28,109,92,117,160,15,187,203,29,19,141,158,118,86,109,179,203,19,67,205,158,
112,11,114,74,128,5,179,173,154,26,59,59,7,195,216,83,44,188,140,58,59,57,49,25,
125,15,47,128,137,90,226,231,219,255,140,83,17,8,138,211,171,20,50,186,177,103,1
51,35,198,195,101,75,78,123,185,56,58,151,49,103,5,1,49,91,135,68,40,114,71,149,
97,9,175,240,171,24,142,1,5,160,10,95,253,76,6,94,255,149,32,49,80,232,161,48,15
3,215,117,3,109,42,239,146,90,166,175,85,18,97,171,253,139,74,250,215,222,176,11
7,123,228,249,58,177,148,228,162,243,86,217,128,188,54,22,20,59,245,72,221,240,1
74,90,210,219,32,67,213,25,91,160,14,54,106,228,3,83,17,106,141,182,1,170,153,19
4,221,2,146,140,169,22,101,68,106,222,251,46,247,7,187,86,28,162,193,244,207,208
,86,240,150,230,9,251,216,72,200,116,159,166,74,8,216,72,45,19,196,36,40,33,90,2
09,29,145,25,125,180,56,33,182,186,199,168,93,161,189,131,105,193,180,46,251,56,
123,216,186,44,60,235,152,39,38,187,81,165,177,43,231,238,117,177,200,56,145,91,
10,76,92,155,165,100,28,99,72,252,63,97,237,145,218,183,5,191,43,56,57,24,192,61
,48,62,57,48,57,21,57,57,57,57,99,57,99,57,57,61,199,9,240,112,146,132,1,210,244
,130,198,89,17,183,93,80,167,81,147,151,85,210,135,73,21,246,77,84,230,65,151,21
4,133,39,197,134,231,20,73,17,47,58,123,35,232,81,125,31,90,114,223,56,48,149,11
1,166,157,57,120,67,181,75,130,120,149,126,194,204,71,156,121,200,127,130,4,130,
246,216,189,108,20,86,134,214,81,64,103,245,255,194,162,92,83,68,70,71,95,106,18
7,6,189,179,117,119,118,93,178,169,190,97,191,168,65,180,112,173,172,73,126,69,8
6,57,57,163,116,174,123,160,124,153,152,116,187,87,158,145,144,183,148,189,154,5
,156,148,166,181,150,137,167,142,157,128,78,149,139,0,141,132,130,138,250,70,249
,122,255,188,4,251,243,165,252,247,78,241,115,232,175,233,78,61,166,57,79,145,23
4,10,244,62,227,143,137,231,105,70,57,49,49,218,148,220,9,217,166,60,60,210,228,
2,214,219,178,224,166,229,171,248,71,219,149,222,215,40,250,120,240,185,120,58,1
24,203,84,98,189,119,36,121,71,61,128,33,121,73,41,24,39,188,107,217,240,66,113,
153,164,50,122,199,44,52,195,74,49,201,38,174,183,7,29,191,205,30,233,109,114,26
,17,106,11,48,80,40,162,15,16,51,206,36,177,224,118,115,252,83,2,4,135,57,190,21
1,222,119,167,4,146,116,197,112,57,80,235,113,61,61,209,13,123,10,17,22,116,59,5
7,49,73,122,138,144,105,74,172,155,119,20,43,235,146,26,155,168,55,15,76,211,90,
249,185,38,82,66,148,100,194,236,228,98,142,86,216,183,204,10,142,86,100,78,56,2
01,51,239,226,173,86,230,250,70,190,231,44,5,161,201,216,254,169,218,169,51,245,
129,11,103,241,161,132,115,255,125,157,11,92,242,58,163,131,140,123,3,200,14,22,
65,6,186,63,148,3,12,164,125,1,98,150,95,229,227,236,157,170,139,94,234,255,130,
62,46,245,183,131,94,106,55,253,224,183,238,217,251,10,160,87,216,193,1,75,239,6
7,129,21,94,40,161,180,202,222,175,164,33,163,135,187,75,44,213,146,34,64,216,23
1,68,15,24,227,45,151,117,147,149,240,12,164,51,81,198,133,68,54,230,33,64,83,25
0,215,70,138,118,6,4,170,251,105,4,105,234,166,61,191,253,92,161,36,195,184,76,1
27,95,74,204,15,89,16,74,108,56,25,37,58,43,1,47,100,174,5,123,88,188,35,199,238
,168,21,36,3,225,102,177,126,116,122,155,185,54,119,113,174,63,30,31,193,180,102
,212,169,209,219,80,80,181,216,110,188,228,144,190,218,183,5,207,209,154,61,40,5
7,57,24,192,61,48,62,57,48,57,21,57,57,57,57,99,57,99,57,57,61,199,9,240,112,146
,132,1,210,244,130,198,89,17,183,93,80,167,81,147,151,85,210,135,73,21,246,77,84
,230,65,151,214,133,39,197,184,39,23,73,17,39,187,123,35,232,97,125,155,185,240,
243,171,224,117,57,150,225,38,223,94,77,127,158,109,23,76,229,237,119,249,236,22
,184,69,93,130,182,120,77,3,32,97,134,214,93,72,1,19,144,218,198,117,75,126,69,1
11,61,79,185,177,66,189,76,190,176,176,103,77,67,183,185,169,77,180,170,86,125,1
72,123,71,161,173,189,94,86,57,57,167,184,153,187,127,157,156,159,178,87,147,146
,149,77,137,151,150,74,165,138,155,136,142,129,151,100,102,133,166,139,249,65,16
2,0,145,250,179,5,254,241,131,7,245,253,130,246,87,252,12,242,235,186,243,65,61,
154,57,174,156,237,115,65,229,154,133,217,10,239,62,57,49,49,221,177,226,154,174
,223,8,209,208,60,60,212,185,218,140,225,247,219,218,176,211,225,212,218,14,221,
246,1,86,155,213,216,202,236,182,176,184,190,63,181,133,122,65,217,100,14,31,195
,255,241,66,184,255,57,59,177,199,40,52,51,149,76,73,53,184,180,20,3,187,53,208,
182,34,170,176,93,119,15,21,139,171,220,36,178,45,120,115,125,160,235,216,115,10
3,39,76,35,219,240,123,220,122,89,12,18,243,165,16,148,159,152,156,117,30,40,41,
121,200,185,106,145,104,36,48,57,25,217,52,241,158,125,100,233,74,10,140,211,242
,152,83,151,16,60,242,158,42,139,158,85,134,53,89,253,50,23,229,137,9,59,53,225,
194,218,16,31,130,185,200,75,229,114,65,87,102,138,124,57,18,7,16,65,73,216,251,
190,46,114,143,82,159,212,218,242,191,32,116,39,163,60,109,38,132,182,120,90,111
,181,188,73,92,246,6,23,178,255,5,249,105,81,245,158,220,131,84,251,131,15,230,2
42,92,47,244,180,94,130,207,211,56,240,1,212,55,234,226,14,216,5,139,64,46,190,1
32,174,116,218,44,153,94,38,96,55,194,225,74,44,232,34,164,157,151,227,179,153,2
10,16,139,226,32,243,4,205,32,9,217,250,162,135,98,231,5,188,18,175,116,58,80,19
9,158,130,94,16,129,4,160,135,22,60,224,101,199,214,24,101,170,231,0,59,59,33,21
7,9,58,247,74,239,102,79,29,145,25,44,71,80,90,113,10,206,20,138,224,189,248,56,
65,245,100,121,89,209,165,184,68,105,61,175,46,235,104,97,24,123,165,96,105,27,1
22,25,175,177,239,47,49,0,1,182,190,72,248,145,40,177,107,105,95,119,176,11,167,
58,102,62,163,132,177,218,42,6,55,80,221,168,113,35,32,56,57,24,192,61,48,62,57,
48,57,21,57,57,57,57,99,57,99,57,57,61,199,9,240,112,146,132,1,210,244,130,198,8
9,17,183,93,80,167,81,147,151,85,210,135,73,21,246,77,84,230,65,151,234,120,38,2
13,131,249,88,65,193,56,84,123,219,233,97,200,0,160,254,104,107,96,165,193,145,1
25,222,124,34,156,117,136,110,149,129,49,196,123,154,102,92,67,21,215,28,239,94,
217,163,116,62,250,130,171,64,68,166,60,218,230,69,184,66,72,75,67,187,184,189,7
5,190,178,106,176,2,191,178,90,123,183,120,168,168,173,172,85,57,57,175,109,161,
1,169,165,164,167,70,64,163,154,62,162,83,70,169,145,125,155,108,65,148,151,122,
155,166,12,138,141,96,139,131,187,142,10,128,132,136,81,251,177,253,252,69,134,9
,248,252,243,22,245,251,247,20,138,61,162,239,61,131,235,18,138,57,61,231,231,13
7,145,227,19,233,85,236,162,225,125,222,209,157,0,220,163,162,49,216,228,230,216
,250,14,214,90,239,147,255,215,76,63,57,52,237,96,174,23,96,159,8,63,41,61,45,17
7,181,249,1,42,169,47,59,77,140,105,228,250,43,40,28,155,115,97,200,185,122,70,1
99,85,29,11,13,30,153,25,44,168,39,6,187,125,33,73,182,57,57,59,97,111,205,79,40
,90,22,59,28,92,143,157,64,41,32,175,160,19,66,195,37,250,202,232,105,3,230,83,1
67,241,238,16,80,46,159,190,135,44,4,15,109,211,237,158,7,148,103,172,204,52,172
,111,144,115,158,52,209,152,76,246,238,150,88,96,61,33,249,79,85,185,138,73,218,
3,117,146,143,84,98,38,75,202,75,16,140,239,23,226,135,65,202,247,76,139,179,150
,230,134,71,164,81,76,91,174,243,239,26,4,55,182,172,229,239,162,228,135,84,36,6
2,124,10,224,86,40,243,153,8,54,105,219,109,47,91,143,83,121,114,47,148,151,205,
234,134,31,174,145,103,100,224,19,100,45,161,230,187,160,164,193,240,103,234,137
,90,178,223,68,66,96,91,86,47,64,102,23,172,88,193,98,226,243,214,11,254,9,69,21
,225,209,235,158,98,145,215,143,126,164,236,227,142,66,143,141,5,133,46,88,70,24
4,166,126,102,197,96,10,204,111,169,140,166,159,0,43,203,28,201,204,77,36,65,38,
134,67,83,75,140,125,200,102,85,97,29,44,33,36,202,84,122,89,82,74,64,136,217,23
,58,179,88,217,79,54,231,42,231,74,60,116,129,124,188,48,147,140,33,28,131,48,49
,166,44,118,73,41,91,2,26,171,73,27,189,16,91,93,98,178,129,196,63,218,181,13,23
9,97,115,61,57,24,192,61,48,62,57,48,57,21,57,57,57,57,99,57,99,57,57,61,199,9,2
40,112,146,132,1,210,244,130,198,89,17,183,93,80,167,81,147,151,85,210,135,73,21
,246,77,84,182,120,39,229,133,44,37,249,250,151,238,194,60,184,250,179,87,160,29
,163,181,126,216,125,46,52,23,22,110,30,143,83,244,72,134,0,51,109,147,108,187,1
34,209,87,91,181,21,178,234,201,141,14,227,21,138,218,65,82,140,151,132,222,198,
126,69,68,71,185,64,187,68,188,185,105,190,119,189,62,57,57,176,77,93,87,106,81,
168,171,66,172,95,101,161,160,77,162,175,166,80,169,111,152,43,183,154,120,167,1
81,5,144,147,146,84,162,150,137,184,152,141,140,139,87,129,128,173,79,132,65,148
,15,133,132,251,10,253,252,130,73,61,169,244,61,137,255,11,150,57,61,236,236,167
,166,232,9,241,81,245,169,246,120,231,230,143,180,140,57,49,244,126,237,239,225,
227,23,229,102,244,156,191,125,150,63,206,63,242,247,70,215,18,144,63,49,201,220
,58,223,82,97,35,184,206,109,48,13,108,221,25,251,104,57,46,39,25,233,22,252,134
,190,80,49,49,57,110,60,216,121,179,199,52,36,31,189,26,57,185,185,22,39,184,185
,77,236,114,26,254,17,16,30,111,141,113,41,180,253,83,10,104,249,242,188,138,103
,116,5,4,242,196,245,129,235,222,233,22,239,75,147,225,160,16,80,28,159,188,149,
44,196,76,109,211,109,92,12,148,103,228,60,12,165,111,144,115,102,61,33,9,25,254
,242,1,102,234,191,44,114,175,149,224,141,73,218,191,0,140,159,148,100,36,72,202
,219,101,130,244,151,226,143,65,204,107,93,123,110,181,102,249,71,174,81,100,219
,175,150,141,250,177,24,170,148,31,128,72,216,16,169,168,109,231,229,47,176,218,
47,90,254,171,156,250,192,151,228,26,98,212,57,7,146,128,77,224,234,153,87,148,2
23,27,227,140,81,227,158,83,174,92,20,253,204,210,56,129,92,230,156,212,162,179,
159,96,169,214,209,231,5,93,183,151,158,171,58,109,82,84,98,181,55,131,242,214,2
11,201,212,207,139,54,247,73,171,66,110,219,14,234,228,200,86,75,76,126,182,51,9
7,96,207,82,83,71,231,47,92,195,145,192,91,168,127,220,177,38,13,104,141,207,8,1
17,77,160,77,57,255,44,165,78,61,79,170,109,89,73,205,254,123,187,204,20,225,61,
189,62,27,33,25,97,74,16,248,162,185,218,112,190,88,18,45,255,63,38,88,37,189,11
3,55,69,27,161,193,37,179,25,145,209,25,79,149,132,97,161,190,119,136,65,59,176,
15,223,145,218,183,188,124,57,57,24,192,61,48,62,57,48,57,21,57,57,57,57,99,57,9
9,57,57,61,199,9,240,112,146,132,1,210,244,130,198,89,17,183,93,80,167,81,147,15
1,85,210,135,73,21,246,13,44,229,120,148,82,248,216,38,128,164,73,235,194,192,18
7,44,165,43,0,5,44,180,121,219,52,195,106,103,149,116,245,170,179,154,67,182,245
,20,10,114,197,87,134,223,229,0,115,143,152,230,73,217,67,117,103,254,214,126,87
,226,180,214,154,208,76,79,71,65,185,76,81,57,57,186,105,118,188,96,187,176,179,
101,85,66,92,103,169,168,67,173,69,161,190,174,180,116,187,165,105,169,166,122,1
52,155,127,157,163,48,158,145,160,173,148,151,127,156,3,136,139,126,163,143,142,
170,84,131,142,141,13,135,134,66,148,61,177,254,61,151,249,8,148,57,61,246,246,1
74,165,242,9,251,102,255,177,240,6,225,224,108,132,139,57,49,254,144,233,255,138
,191,151,254,177,189,209,102,63,214,63,73,229,227,78,237,18,158,63,49,201,200,13
0,129,159,86,194,231,152,227,222,212,38,163,185,197,9,220,26,241,146,47,249,185,
203,61,233,186,187,233,62,56,66,16,99,8,69,26,57,185,57,78,199,41,54,101,13,17,1
78,185,125,169,53,126,51,136,31,19,156,243,172,196,197,5,250,161,8,31,39,81,13,1
04,137,21,192,171,157,244,82,10,226,196,157,107,23,158,179,164,168,179,251,35,83
,157,101,118,152,8,164,7,212,204,149,166,237,144,253,153,128,131,179,140,238,185
,34,101,30,59,52,82,141,227,185,138,102,58,189,100,114,143,149,96,141,94,72,137,
164,66,90,108,43,129,80,232,243,164,66,72,176,100,50,56,201,255,52,149,78,86,104
,37,72,198,103,40,53,206,63,218,56,246,39,70,108,69,110,11,33,240,171,228,243,25
,245,65,40,223,150,65,34,227,220,37,163,50,95,235,60,198,171,127,84,195,205,224,
124,179,112,222,12,202,0,201,146,108,139,62,66,240,180,110,148,97,232,103,38,118
,144,203,192,82,128,84,163,214,44,110,107,5,212,236,221,126,162,114,118,53,47,15
8,211,208,235,168,89,32,196,32,55,90,209,162,114,18,83,117,32,201,151,253,220,18
,164,62,214,91,65,117,207,21,213,109,44,60,198,231,162,230,203,209,236,246,1,38,
81,37,148,222,105,112,223,226,70,85,212,175,231,185,125,0,140,125,70,95,37,49,15
3,113,190,236,92,58,71,144,172,222,34,119,226,56,127,152,6,208,136,171,24,54,34,
215,174,114,177,36,163,153,111,186,28,175,73,219,84,16,179,137,91,185,20,147,145
,89,181,3,68,113,218,180,1,223,129,115,61,57,24,192,61,48,62,57,48,57,21,57,57,5
7,57,99,57,99,57,57,61,199,9,240,112,146,132,1,210,244,130,198,89,17,183,93,80,1
67,81,147,151,85,210,135,73,21,246,77,84,182,120,39,229,133,44,37,249,250,151,23
8,194,60,184,250,179,87,160,29,163,181,126,216,125,46,52,23,22,110,30,143,83,244
,72,134,0,51,109,147,108,187,134,209,87,91,181,21,178,234,201,141,14,227,21,138,
218,65,82,140,151,132,222,198,126,69,68,71,185,64,187,68,188,185,105,190,119,189
,62,57,57,176,77,93,87,106,81,168,171,66,172,95,101,161,160,77,162,175,166,80,16
9,111,152,43,183,154,120,167,181,5,144,147,146,84,162,150,137,184,152,141,140,13
9,87,129,128,173,79,132,65,148,15,133,132,251,10,253,252,130,73,61,169,244,61,13
7,255,11,150,57,61,236,236,167,166,232,9,241,81,245,169,246,120,231,230,143,180,
140,57,49,244,126,237,239,225,227,23,229,102,244,156,191,125,150,63,206,63,242,2
47,70,215,18,144,63,49,201,220,58,223,82,97,35,184,206,109,48,13,108,221,25,251,
104,57,46,39,25,233,22,252,134,190,80,49,49,57,110,60,216,121,179,199,52,36,31,1
89,26,57,185,185,22,39,184,185,77,236,114,26,254,17,16,146,108,141,113,41,180,12
5,160,204,83,219,136,15,42,60,133,99,1,242,208,213,47,13,222,105,23,239,111,51,4
,35,183,94,156,166,188,171,19,196,12,109,211,109,92,249,149,47,164,60,12,179,111
,158,158,59,53,33,9,30,211,238,157,4,90,177,36,114,15,249,224,142,94,250,165,99,
250,143,151,55,129,65,220,247,156,98,174,21,226,130,65,16,11,224,2,156,214,225,1
40,79,56,154,236,72,1,84,52,253,68,24,34,39,105,84,203,102,254,235,29,54,41,91,1
28,138,88,29,161,102,177,100,114,254,138,88,241,126,151,215,3,101,148,141,80,130
,76,12,228,195,194,43,240,82,225,162,92,246,155,100,98,138,94,235,131,166,227,68
,112,200,207,92,6,152,108,113,79,242,136,129,72,139,145,255,29,110,71,35,212,202
,250,91,77,245,204,132,221,3,79,251,115,117,250,160,5,100,99,230,117,79,248,74,1
47,204,100,4,19,89,233,228,150,144,96,103,141,238,227,176,211,134,194,187,70,32,
126,196,21,157,107,235,163,70,132,144,222,111,37,65,72,56,153,6,196,12,28,42,89,
73,21,145,101,70,178,12,72,25,35,43,119,225,37,118,67,176,232,153,23,63,115,156,
100,63,46,19,17,230,45,96,85,105,91,73,30,187,137,27,0,20,179,201,27,177,8,131,1
77,102,191,88,176,97,218,48,186,212,209,218,182,121,191,43,56,57,24,192,61,48,62
,57,48,57,21,57,57,57,57,99,57,99,57,57,61,199,9,240,112,146,132,1,210,244,130,1
98,89,17,183,93,80,167,81,147,151,85,210,135,73,21,246,77,84,230,1,34,213,120,21
5,114,184,186,201,233,194,228,187,122,88,136,251,82,23,180,29,93,171,1,216,116,1
90,244,114,47,243,133,91,78,231,201,183,27,156,75,146,219,137,195,162,17,18,246,
249,140,69,52,167,7,152,215,128,39,66,132,34,202,66,184,112,71,70,185,187,66,189
,70,190,187,107,176,6,191,178,80,183,7,169,168,91,73,93,82,57,57,175,186,161,72,
83,165,164,167,166,169,155,154,157,94,172,145,162,144,101,146,145,62,158,170,126
,136,74,155,141,12,137,143,97,73,130,133,95,150,249,177,251,250,67,128,11,134,25
0,241,8,243,249,245,22,137,61,162,237,61,143,233,20,137,57,61,229,229,158,154,22
5,3,143,234,162,239,122,221,220,79,173,133,57,49,237,112,226,228,230,248,140,143
,237,148,253,0,146,63,197,63,75,209,223,183,148,106,90,57,120,6,70,255,49,189,12
2,104,208,25,6,109,62,246,20,5,232,233,216,145,187,40,54,17,237,142,255,24,123,1
2,199,61,61,61,165,219,104,218,127,183,61,194,244,40,57,121,121,161,171,229,31,1
07,221,44,75,93,43,161,30,72,1,130,145,11,159,27,90,74,69,7,59,195,118,209,105,1
55,103,131,240,101,136,234,107,142,165,65,169,51,64,51,140,97,123,147,114,154,72
,34,126,236,209,158,15,56,143,39,211,227,12,18,181,57,58,63,213,25,242,143,212,2
34,8,102,184,157,164,242,250,148,228,161,95,162,244,228,146,79,212,100,188,119,1
65,253,124,242,110,212,231,31,92,64,201,212,202,172,9,102,254,188,62,73,178,133,
78,179,238,110,169,234,95,159,69,65,72,171,242,70,53,110,31,251,160,11,221,246,1
53,38,176,39,9,145,77,221,234,106,172,91,27,37,239,183,210,238,74,242,175,235,85
,170,205,212,250,184,64,13,223,228,222,206,216,129,99,55,226,229,213,3,214,53,24
1,88,58,19,13,119,46,128,188,245,232,90,107,150,87,164,117,216,31,149,238,133,21
5,215,68,87,158,218,221,120,224,235,165,103,196,67,222,244,185,251,6,18,6,132,34
,136,187,201,246,78,88,145,98,105,197,86,169,114,142,243,100,103,213,174,116,104
,185,192,28,190,184,219,189,152,237,42,140,144,248,153,55,132,4,65,100,86,151,97
,46,228,0,65,88,41,88,184,212,56,184,236,29,38,147,42,27,41,98,81,105,91,22,30,1
83,137,27,4,20,191,169,100,83,8,71,25,97,180,1,223,145,26,45,40,57,57,24,192,61,
48,62,57,48,57,21,57,57,57,57,99,57,99,57,57,61,199,9,240,112,146,132,1,210,244,
130,198,89,17,183,93,80,167,81,147,151,85,210,135,73,21,246,77,84,230,65,151,134
,120,38,129,135,100,31,73,17,39,71,147,167,40,16,157,41,180,124,223,253,126,148,
115,28,118,209,108,161,236,91,172,233,201,139,190,44,38,162,106,202,40,149,87,19
4,237,226,101,110,226,151,234,244,72,229,229,247,214,222,86,66,68,187,73,81,92,1
86,190,65,188,80,177,181,94,179,106,184,180,65,70,101,171,186,173,2,168,175,91,1
61,75,162,174,182,191,91,57,57,181,157,176,182,168,156,175,146,88,164,12,184,148
,149,165,144,166,190,150,10,163,143,189,81,131,130,141,132,134,153,248,251,71,18
8,135,252,104,254,240,69,129,9,241,245,247,5,245,255,172,95,61,157,57,61,177,225
,157,226,145,3,163,57,49,49,158,190,218,220,139,103,160,84,57,60,60,223,186,215,
201,211,210,167,83,224,200,187,192,204,114,216,76,197,41,60,221,156,62,89,7,8,22
8,141,180,3,209,223,167,163,189,230,153,181,242,191,9,98,125,189,235,107,121,250
,254,169,40,184,181,199,17,15,103,138,17,208,154,250,27,63,107,35,113,159,75,156
,40,170,60,180,33,121,233,107,225,245,163,124,89,59,187,235,11,156,244,167,0,76,
227,209,235,234,92,36,59,59,23,147,16,35,45,93,113,160,121,212,49,57,25,185,54,1
06,59,123,78,123,204,240,62,144,235,156,19,54,89,244,147,172,227,12,149,119,110,
177,141,13,47,148,155,140,190,227,183,116,50,157,161,229,143,77,64,249,124,65,78
,87,231,33,86,195,205,132,34,29,237,60,18,186,42,154,148,91,193,201,185,254,169,
146,29,151,59,192,8,160,255,106,19,206,145,101,96,23,222,246,168,198,203,185,5,9
5,10,94,59,153,20,70,183,27,163,124,57,235,165,107,158,71,52,2,94,210,29,182,228
,241,199,117,2,142,146,105,162,76,214,223,117,34,229,136,56,163,67,54,142,197,22
7,65,22,242,73,175,82,119,249,255,230,98,244,74,173,114,94,251,223,79,113,231,10
9,157,42,150,105,1,172,193,202,231,166,240,215,58,3,196,209,227,181,159,90,31,22
,245,203,69,195,204,228,142,225,226,213,199,155,165,130,209,99,158,47,123,39,124
,29,217,185,69,68,172,217,86,199,192,155,33,111,247,88,159,50,103,4,121,97,254,1
84,112,5,221,238,45,51,99,222,38,76,48,71,77,124,57,36,19,202,24,76,40,104,65,97
,176,33,131,31,238,92,18,43,77,219,46,220,88,121,91,189,10,71,73,26,186,0,171,12
1,27,103,4,167,249,97,169,125,47,80,221,26,40,57,57,24,192,61,60,62,57,48,57,21,
57,57,57,57,99,57,99,57,57,61,199,9,240,112,146,132,1,210,244,130,198,89,17,183,
93,80,167,81,147,151,85,210,135,73,21,246,77,84,230,65,151,214,69,214,146,184,89
,249,28,197,108,59,190,221,88,49,125,31,160,127,158,75,80,40,99,150,233,176,109,
160,212,84,128,43,216,77,5,20,31,135,246,17,192,32,101,130,242,212,76,110,190,71
,135,214,92,206,5,110,254,194,200,66,1,68,70,189,93,184,187,188,176,67,127,88,17
9,183,80,181,88,186,182,90,120,168,99,173,188,190,5,170,160,92,174,94,167,163,17
4,81,57,57,160,159,191,168,156,155,112,158,172,181,102,150,148,62,138,169,6,164,
141,89,129,131,154,7,128,132,142,165,248,70,162,12,249,248,255,13,241,132,243,10
,245,131,247,11,233,141,235,9,237,232,103,253,189,239,125,226,252,250,87,61,159,
57,61,179,218,159,223,178,77,86,221,144,176,215,143,137,213,87,57,49,49,214,188,
207,193,203,166,69,78,57,51,45,241,126,17,217,249,71,115,49,77,114,8,16,167,27,1
90,219,47,155,81,209,183,53,131,75,93,25,151,104,193,86,181,184,182,199,62,23,14
7,162,91,182,165,124,75,223,7,35,33,250,40,232,45,172,25,56,111,133,58,74,92,43,
59,20,86,85,192,177,57,223,36,168,13,52,205,109,64,10,158,180,164,12,84,179,115,
131,43,158,232,90,22,170,235,91,35,43,158,253,176,104,176,211,147,96,204,208,104
,182,8,66,40,76,211,204,210,26,59,59,127,199,24,66,76,60,143,58,59,57,49,25,125,
143,85,254,125,81,236,179,146,226,239,98,137,131,119,194,135,177,218,48,73,89,24
8,8,189,33,255,90,225,147,28,105,45,59,53,33,89,92,8,114,135,123,31,26,119,5,128
,138,223,243,1,42,3,247,213,96,10,221,10,156,28,174,215,101,78,76,94,236,150,120
,248,239,213,131,13,184,227,167,94,106,103,172,29,14,215,230,146,94,50,50,238,16
2,11,201,218,135,222,40,118,145,34,0,215,57,67,144,21,150,227,229,128,82,209,147
,159,18,141,215,37,130,134,36,98,45,111,222,39,197,242,95,42,107,191,181,30,166,
2,237,73,201,182,238,218,64,23,208,69,50,216,173,227,166,183,117,245,71,219,199,
194,200,101,174,117,185,161,53,113,153,66,124,0,43,227,66,169,152,216,173,38,54,
71,126,89,38,180,168,28,254,184,60,135,24,39,77,50,103,177,24,187,34,120,216,228
,3,38,55,171,234,177,224,68,49,219,45,118,152,17,88,176,24,39,40,164,77,19,15,25
1,235,39,23,235,97,218,32,69,92,249,88,89,2,39,88,252,63,110,61,80,221,168,113,2
11,41,56,57,2]}
